##TITLE= post_SPAS2_21000_5040_20_1051_252_240701 
##JCAMP-DX= 5.00 Bruker JCAMP library 
##DATA TYPE= Shape Data 
##ORIGIN= Bruker Analytik GmbH 
##OWNER= <nmrsu> 
##DATE= xx 
##TIME= xx 
##MINX= -1 
##MAXX= 1 
##MINY= -1 
##MAXY= 1 
##$SHAPE_EXMODE= Gradient 
##$SHAPE_TOTROT= 0 
##$SHAPE_BWFAC= 0 
##$SHAPE_INTEGFAC= 0 
##$SHAPE_MODE= 0 
##DURATION= 21 
##DIRECTIONVEC= 0  0  1 
##NPOINTS= 1051 
##XYDATA= (T X Y Z) 
-0.000000 -0.000000 -0.000000
-0.000000 -0.000000 -0.040069
-0.000000 -0.000000 -0.080138
-0.000000 -0.000000 -0.120206
-0.000000 -0.000000 -0.160275
-0.000000 -0.000000 -0.200344
-0.000000 -0.000000 -0.240413
-0.000000 -0.000000 -0.280481
-0.000000 -0.000000 -0.320550
-0.000000 -0.000000 -0.360619
-0.000000 -0.000000 -0.400472
-0.000000 -0.000000 -0.420786
-0.000000 -0.000000 -0.420914
-0.000000 -0.000000 -0.421042
-0.000000 -0.000000 -0.421170
-0.000000 -0.000000 -0.421298
-0.000000 -0.000000 -0.421426
-0.000000 -0.000000 -0.421554
-0.000000 -0.000000 -0.421683
-0.000000 -0.000000 -0.421811
-0.000000 -0.000000 -0.421939
-0.000000 -0.000000 -0.422069
-0.000000 -0.000000 -0.422327
-0.000000 -0.000000 -0.422586
-0.000000 -0.000000 -0.422846
-0.000000 -0.000000 -0.423106
-0.000000 -0.000000 -0.423366
-0.000000 -0.000000 -0.423626
-0.000000 -0.000000 -0.423885
-0.000000 -0.000000 -0.424145
-0.000000 -0.000000 -0.424405
-0.000000 -0.000000 -0.424667
-0.000000 -0.000000 -0.424994
-0.000000 -0.000000 -0.425393
-0.000000 -0.000000 -0.425792
-0.000000 -0.000000 -0.426191
-0.000000 -0.000000 -0.426590
-0.000000 -0.000000 -0.426989
-0.000000 -0.000000 -0.427388
-0.000000 -0.000000 -0.427787
-0.000000 -0.000000 -0.428186
-0.000000 -0.000000 -0.428585
-0.000000 -0.000000 -0.428990
-0.000000 -0.000000 -0.429534
-0.000000 -0.000000 -0.430084
-0.000000 -0.000000 -0.430634
-0.000000 -0.000000 -0.431184
-0.000000 -0.000000 -0.431734
-0.000000 -0.000000 -0.432284
-0.000000 -0.000000 -0.432834
-0.000000 -0.000000 -0.433384
-0.000000 -0.000000 -0.433934
-0.000000 -0.000000 -0.434488
-0.000000 -0.000000 -0.435118
-0.000000 -0.000000 -0.435836
-0.000000 -0.000000 -0.436554
-0.000000 -0.000000 -0.437272
-0.000000 -0.000000 -0.437990
-0.000000 -0.000000 -0.438708
-0.000000 -0.000000 -0.439426
-0.000000 -0.000000 -0.440144
-0.000000 -0.000000 -0.440862
-0.000000 -0.000000 -0.441581
-0.000000 -0.000000 -0.442310
-0.000000 -0.000000 -0.443208
-0.000000 -0.000000 -0.444118
-0.000000 -0.000000 -0.445027
-0.000000 -0.000000 -0.445937
-0.000000 -0.000000 -0.446847
-0.000000 -0.000000 -0.447756
-0.000000 -0.000000 -0.448666
-0.000000 -0.000000 -0.449575
-0.000000 -0.000000 -0.450485
-0.000000 -0.000000 -0.451402
-0.000000 -0.000000 -0.452416
-0.000000 -0.000000 -0.453549
-0.000000 -0.000000 -0.454682
-0.000000 -0.000000 -0.455815
-0.000000 -0.000000 -0.456948
-0.000000 -0.000000 -0.458081
-0.000000 -0.000000 -0.459214
-0.000000 -0.000000 -0.460347
-0.000000 -0.000000 -0.461480
-0.000000 -0.000000 -0.462613
-0.000000 -0.000000 -0.463766
-0.000000 -0.000000 -0.465145
-0.000000 -0.000000 -0.466544
-0.000000 -0.000000 -0.467942
-0.000000 -0.000000 -0.469341
-0.000000 -0.000000 -0.470740
-0.000000 -0.000000 -0.472139
-0.000000 -0.000000 -0.473538
-0.000000 -0.000000 -0.474937
-0.000000 -0.000000 -0.476336
-0.000000 -0.000000 -0.477748
-0.000000 -0.000000 -0.479294
-0.000000 -0.000000 -0.481016
-0.000000 -0.000000 -0.482737
-0.000000 -0.000000 -0.484458
-0.000000 -0.000000 -0.486179
-0.000000 -0.000000 -0.487900
-0.000000 -0.000000 -0.489621
-0.000000 -0.000000 -0.491342
-0.000000 -0.000000 -0.493063
-0.000000 -0.000000 -0.494784
-0.000000 -0.000000 -0.496543
-0.000000 -0.000000 -0.498624
-0.000000 -0.000000 -0.500742
-0.000000 -0.000000 -0.502861
-0.000000 -0.000000 -0.504979
-0.000000 -0.000000 -0.507097
-0.000000 -0.000000 -0.509216
-0.000000 -0.000000 -0.511334
-0.000000 -0.000000 -0.513452
-0.000000 -0.000000 -0.515571
-0.000000 -0.000000 -0.517713
-0.000000 -0.000000 -0.520054
-0.000000 -0.000000 -0.522667
-0.000000 -0.000000 -0.525279
-0.000000 -0.000000 -0.527891
-0.000000 -0.000000 -0.530503
-0.000000 -0.000000 -0.533116
-0.000000 -0.000000 -0.535728
-0.000000 -0.000000 -0.538340
-0.000000 -0.000000 -0.540953
-0.000000 -0.000000 -0.543565
-0.000000 -0.000000 -0.546245
-0.000000 -0.000000 -0.549402
-0.000000 -0.000000 -0.552626
-0.000000 -0.000000 -0.555850
-0.000000 -0.000000 -0.559075
-0.000000 -0.000000 -0.562299
-0.000000 -0.000000 -0.565524
-0.000000 -0.000000 -0.568748
-0.000000 -0.000000 -0.571972
-0.000000 -0.000000 -0.575197
-0.000000 -0.000000 -0.578461
-0.000000 -0.000000 -0.582012
-0.000000 -0.000000 -0.585970
-0.000000 -0.000000 -0.589928
-0.000000 -0.000000 -0.593885
-0.000000 -0.000000 -0.597843
-0.000000 -0.000000 -0.601801
-0.000000 -0.000000 -0.605759
-0.000000 -0.000000 -0.609717
-0.000000 -0.000000 -0.613674
-0.000000 -0.000000 -0.617632
-0.000000 -0.000000 -0.621689
-0.000000 -0.000000 -0.626328
-0.000000 -0.000000 -0.631066
-0.000000 -0.000000 -0.635804
-0.000000 -0.000000 -0.640542
-0.000000 -0.000000 -0.645280
-0.000000 -0.000000 -0.650018
-0.000000 -0.000000 -0.654756
-0.000000 -0.000000 -0.659494
-0.000000 -0.000000 -0.664232
-0.000000 -0.000000 -0.669000
-0.000000 -0.000000 -0.673957
-0.000000 -0.000000 -0.679192
-0.000000 -0.000000 -0.684427
-0.000000 -0.000000 -0.689662
-0.000000 -0.000000 -0.694896
-0.000000 -0.000000 -0.700131
-0.000000 -0.000000 -0.705366
-0.000000 -0.000000 -0.710601
-0.000000 -0.000000 -0.715836
-0.000000 -0.000000 -0.721071
-0.000000 -0.000000 -0.726198
-0.000000 -0.000000 -0.730780
-0.000000 -0.000000 -0.735254
-0.000000 -0.000000 -0.739728
-0.000000 -0.000000 -0.744202
-0.000000 -0.000000 -0.748676
-0.000000 -0.000000 -0.753150
-0.000000 -0.000000 -0.757624
-0.000000 -0.000000 -0.762098
-0.000000 -0.000000 -0.766572
-0.000000 -0.000000 -0.770804
-0.000000 -0.000000 -0.773606
-0.000000 -0.000000 -0.774253
-0.000000 -0.000000 -0.774899
-0.000000 -0.000000 -0.775546
-0.000000 -0.000000 -0.776192
-0.000000 -0.000000 -0.776839
-0.000000 -0.000000 -0.777485
-0.000000 -0.000000 -0.778132
-0.000000 -0.000000 -0.778778
-0.000000 -0.000000 -0.779425
-0.000000 -0.000000 -0.778933
-0.000000 -0.000000 -0.773382
-0.000000 -0.000000 -0.766692
-0.000000 -0.000000 -0.760002
-0.000000 -0.000000 -0.753313
-0.000000 -0.000000 -0.746623
-0.000000 -0.000000 -0.739934
-0.000000 -0.000000 -0.733244
-0.000000 -0.000000 -0.726554
-0.000000 -0.000000 -0.719865
-0.000000 -0.000000 -0.712748
-0.000000 -0.000000 -0.703286
-0.000000 -0.000000 -0.690198
-0.000000 -0.000000 -0.677110
-0.000000 -0.000000 -0.664022
-0.000000 -0.000000 -0.650934
-0.000000 -0.000000 -0.637846
-0.000000 -0.000000 -0.624758
-0.000000 -0.000000 -0.611670
-0.000000 -0.000000 -0.598581
-0.000000 -0.000000 -0.585493
-0.000000 -0.000000 -0.572169
-0.000000 -0.000000 -0.557912
-0.000000 -0.000000 -0.543420
-0.000000 -0.000000 -0.528927
-0.000000 -0.000000 -0.514434
-0.000000 -0.000000 -0.499941
-0.000000 -0.000000 -0.485448
-0.000000 -0.000000 -0.470956
-0.000000 -0.000000 -0.456463
-0.000000 -0.000000 -0.441970
-0.000000 -0.000000 -0.427610
-0.000000 -0.000000 -0.413939
-0.000000 -0.000000 -0.401356
-0.000000 -0.000000 -0.388773
-0.000000 -0.000000 -0.376191
-0.000000 -0.000000 -0.363608
-0.000000 -0.000000 -0.351025
-0.000000 -0.000000 -0.338442
-0.000000 -0.000000 -0.325859
-0.000000 -0.000000 -0.313276
-0.000000 -0.000000 -0.300693
-0.000000 -0.000000 -0.288567
-0.000000 -0.000000 -0.278059
-0.000000 -0.000000 -0.268007
-0.000000 -0.000000 -0.257956
-0.000000 -0.000000 -0.247905
-0.000000 -0.000000 -0.237854
-0.000000 -0.000000 -0.227802
-0.000000 -0.000000 -0.217751
-0.000000 -0.000000 -0.207700
-0.000000 -0.000000 -0.197648
-0.000000 -0.000000 -0.187746
-0.000000 -0.000000 -0.178596
-0.000000 -0.000000 -0.170644
-0.000000 -0.000000 -0.162692
-0.000000 -0.000000 -0.154740
-0.000000 -0.000000 -0.146788
-0.000000 -0.000000 -0.138836
-0.000000 -0.000000 -0.130884
-0.000000 -0.000000 -0.122933
-0.000000 -0.000000 -0.114981
-0.000000 -0.000000 -0.107029
-0.000000 -0.000000 -0.099372
-0.000000 -0.000000 -0.092664
-0.000000 -0.000000 -0.086251
-0.000000 -0.000000 -0.079838
-0.000000 -0.000000 -0.073426
-0.000000 -0.000000 -0.067013
-0.000000 -0.000000 -0.060600
-0.000000 -0.000000 -0.054187
-0.000000 -0.000000 -0.047774
-0.000000 -0.000000 -0.041361
-0.000000 -0.000000 -0.035027
-0.000000 -0.000000 -0.029081
-0.000000 -0.000000 -0.023759
-0.000000 -0.000000 -0.018437
-0.000000 -0.000000 -0.013115
-0.000000 -0.000000 -0.007793
-0.000000 -0.000000 -0.002470
0.000000 0.000000 0.002852
0.000000 0.000000 0.008174
0.000000 0.000000 0.013496
0.000000 0.000000 0.018818
0.000000 0.000000 0.023985
0.000000 0.000000 0.028694
0.000000 0.000000 0.033248
0.000000 0.000000 0.037802
0.000000 0.000000 0.042356
0.000000 0.000000 0.046910
0.000000 0.000000 0.051464
0.000000 0.000000 0.056018
0.000000 0.000000 0.060572
0.000000 0.000000 0.065126
0.000000 0.000000 0.069641
0.000000 0.000000 0.073964
0.000000 0.000000 0.077977
0.000000 0.000000 0.081990
0.000000 0.000000 0.086004
0.000000 0.000000 0.090017
0.000000 0.000000 0.094030
0.000000 0.000000 0.098044
0.000000 0.000000 0.102057
0.000000 0.000000 0.106070
0.000000 0.000000 0.110084
0.000000 0.000000 0.114017
0.000000 0.000000 0.117732
0.000000 0.000000 0.121367
0.000000 0.000000 0.125003
0.000000 0.000000 0.128638
0.000000 0.000000 0.132273
0.000000 0.000000 0.135908
0.000000 0.000000 0.139544
0.000000 0.000000 0.143179
0.000000 0.000000 0.146814
0.000000 0.000000 0.150431
0.000000 0.000000 0.153955
0.000000 0.000000 0.157332
0.000000 0.000000 0.160708
0.000000 0.000000 0.164085
0.000000 0.000000 0.167461
0.000000 0.000000 0.170838
0.000000 0.000000 0.174214
0.000000 0.000000 0.177591
0.000000 0.000000 0.180967
0.000000 0.000000 0.184344
0.000000 0.000000 0.187683
0.000000 0.000000 0.190928
0.000000 0.000000 0.194137
0.000000 0.000000 0.197345
0.000000 0.000000 0.200553
0.000000 0.000000 0.203761
0.000000 0.000000 0.206969
0.000000 0.000000 0.210177
0.000000 0.000000 0.213386
0.000000 0.000000 0.216594
0.000000 0.000000 0.219795
0.000000 0.000000 0.222962
0.000000 0.000000 0.226073
0.000000 0.000000 0.229185
0.000000 0.000000 0.232297
0.000000 0.000000 0.235408
0.000000 0.000000 0.238520
0.000000 0.000000 0.241631
0.000000 0.000000 0.244743
0.000000 0.000000 0.247855
0.000000 0.000000 0.250966
0.000000 0.000000 0.254069
0.000000 0.000000 0.257152
0.000000 0.000000 0.260227
0.000000 0.000000 0.263301
0.000000 0.000000 0.266375
0.000000 0.000000 0.269450
0.000000 0.000000 0.272524
0.000000 0.000000 0.275599
0.000000 0.000000 0.278673
0.000000 0.000000 0.281748
0.000000 0.000000 0.284823
0.000000 0.000000 0.287903
0.000000 0.000000 0.290992
0.000000 0.000000 0.294080
0.000000 0.000000 0.297168
0.000000 0.000000 0.300257
0.000000 0.000000 0.303345
0.000000 0.000000 0.306433
0.000000 0.000000 0.309522
0.000000 0.000000 0.312610
0.000000 0.000000 0.315698
0.000000 0.000000 0.318801
0.000000 0.000000 0.321935
0.000000 0.000000 0.325084
0.000000 0.000000 0.328233
0.000000 0.000000 0.331382
0.000000 0.000000 0.334530
0.000000 0.000000 0.337679
0.000000 0.000000 0.340828
0.000000 0.000000 0.343977
0.000000 0.000000 0.347125
0.000000 0.000000 0.350281
0.000000 0.000000 0.353475
0.000000 0.000000 0.356728
0.000000 0.000000 0.359981
0.000000 0.000000 0.363234
0.000000 0.000000 0.366487
0.000000 0.000000 0.369740
0.000000 0.000000 0.372992
0.000000 0.000000 0.376245
0.000000 0.000000 0.379498
0.000000 0.000000 0.382751
0.000000 0.000000 0.386040
0.000000 0.000000 0.389404
0.000000 0.000000 0.392804
0.000000 0.000000 0.396204
0.000000 0.000000 0.399604
0.000000 0.000000 0.403003
0.000000 0.000000 0.406403
0.000000 0.000000 0.409803
0.000000 0.000000 0.413203
0.000000 0.000000 0.416603
0.000000 0.000000 0.420014
0.000000 0.000000 0.423497
0.000000 0.000000 0.427086
0.000000 0.000000 0.430674
0.000000 0.000000 0.434263
0.000000 0.000000 0.437852
0.000000 0.000000 0.441441
0.000000 0.000000 0.445029
0.000000 0.000000 0.448618
0.000000 0.000000 0.452207
0.000000 0.000000 0.455796
0.000000 0.000000 0.459442
0.000000 0.000000 0.463204
0.000000 0.000000 0.467024
0.000000 0.000000 0.470843
0.000000 0.000000 0.474663
0.000000 0.000000 0.478482
0.000000 0.000000 0.482302
0.000000 0.000000 0.486121
0.000000 0.000000 0.489941
0.000000 0.000000 0.493761
0.000000 0.000000 0.497595
0.000000 0.000000 0.501535
0.000000 0.000000 0.505624
0.000000 0.000000 0.509714
0.000000 0.000000 0.513804
0.000000 0.000000 0.517893
0.000000 0.000000 0.521983
0.000000 0.000000 0.526073
0.000000 0.000000 0.530162
0.000000 0.000000 0.534252
0.000000 0.000000 0.538342
0.000000 0.000000 0.542508
0.000000 0.000000 0.546826
0.000000 0.000000 0.551220
0.000000 0.000000 0.555614
0.000000 0.000000 0.560009
0.000000 0.000000 0.564403
0.000000 0.000000 0.568797
0.000000 0.000000 0.573192
0.000000 0.000000 0.577586
0.000000 0.000000 0.581980
0.000000 0.000000 0.586391
0.000000 0.000000 0.590932
0.000000 0.000000 0.595653
0.000000 0.000000 0.600375
0.000000 0.000000 0.605096
0.000000 0.000000 0.609817
0.000000 0.000000 0.614538
0.000000 0.000000 0.619259
0.000000 0.000000 0.623980
0.000000 0.000000 0.628701
0.000000 0.000000 0.633423
0.000000 0.000000 0.638227
0.000000 0.000000 0.643190
0.000000 0.000000 0.648237
0.000000 0.000000 0.653284
0.000000 0.000000 0.658331
0.000000 0.000000 0.663377
0.000000 0.000000 0.668424
0.000000 0.000000 0.673471
0.000000 0.000000 0.678517
0.000000 0.000000 0.683564
0.000000 0.000000 0.688623
0.000000 0.000000 0.693798
0.000000 0.000000 0.699127
0.000000 0.000000 0.704455
0.000000 0.000000 0.709784
0.000000 0.000000 0.715112
0.000000 0.000000 0.720441
0.000000 0.000000 0.725769
0.000000 0.000000 0.731097
0.000000 0.000000 0.736426
0.000000 0.000000 0.741754
0.000000 0.000000 0.747126
0.000000 0.000000 0.752579
0.000000 0.000000 0.758076
0.000000 0.000000 0.763573
0.000000 0.000000 0.769070
0.000000 0.000000 0.774567
0.000000 0.000000 0.780064
0.000000 0.000000 0.785560
0.000000 0.000000 0.791057
0.000000 0.000000 0.796554
0.000000 0.000000 0.802049
0.000000 0.000000 0.807524
0.000000 0.000000 0.812973
0.000000 0.000000 0.818422
0.000000 0.000000 0.823871
0.000000 0.000000 0.829320
0.000000 0.000000 0.834769
0.000000 0.000000 0.840218
0.000000 0.000000 0.845667
0.000000 0.000000 0.851116
0.000000 0.000000 0.856565
0.000000 0.000000 0.861911
0.000000 0.000000 0.867069
0.000000 0.000000 0.872125
0.000000 0.000000 0.877180
0.000000 0.000000 0.882236
0.000000 0.000000 0.887291
0.000000 0.000000 0.892347
0.000000 0.000000 0.897402
0.000000 0.000000 0.902458
0.000000 0.000000 0.907513
0.000000 0.000000 0.912546
0.000000 0.000000 0.917193
0.000000 0.000000 0.921384
0.000000 0.000000 0.925576
0.000000 0.000000 0.929768
0.000000 0.000000 0.933959
