##TITLE= post_STE1_21000_5040_20_1051_252_240625 
##JCAMP-DX= 5.00 Bruker JCAMP library 
##DATA TYPE= Shape Data 
##ORIGIN= Bruker Analytik GmbH 
##OWNER= <nmrsu> 
##DATE= xx 
##TIME= xx 
##MINX= -1 
##MAXX= 1 
##MINY= -1 
##MAXY= 1 
##$SHAPE_EXMODE= Gradient 
##$SHAPE_TOTROT= 0 
##$SHAPE_BWFAC= 0 
##$SHAPE_INTEGFAC= 0 
##$SHAPE_MODE= 0 
##DURATION= 21 
##DIRECTIONVEC= 0  0  1 
##NPOINTS= 1051 
##XYDATA= (T X Y Z) 
-0.000000 -0.000000 -0.000000
0.021200 -0.023134 -0.045162
0.042401 -0.046267 -0.090324
0.063601 -0.069401 -0.135486
0.084802 -0.092535 -0.180648
0.106002 -0.115669 -0.225810
0.127202 -0.138802 -0.270971
0.148403 -0.161936 -0.316133
0.169603 -0.185070 -0.361295
0.190804 -0.208203 -0.406457
0.211890 -0.231212 -0.451375
0.222628 -0.242941 -0.474170
0.222676 -0.243015 -0.474109
0.222724 -0.243089 -0.474048
0.222772 -0.243163 -0.473987
0.222820 -0.243237 -0.473927
0.222868 -0.243311 -0.473866
0.222916 -0.243385 -0.473805
0.222964 -0.243459 -0.473744
0.223012 -0.243532 -0.473683
0.223060 -0.243606 -0.473623
0.223109 -0.243682 -0.473561
0.223205 -0.243830 -0.473438
0.223302 -0.243980 -0.473314
0.223399 -0.244130 -0.473190
0.223496 -0.244280 -0.473066
0.223594 -0.244430 -0.472942
0.223691 -0.244580 -0.472817
0.223788 -0.244730 -0.472693
0.223885 -0.244880 -0.472569
0.223982 -0.245030 -0.472445
0.224080 -0.245182 -0.472320
0.224203 -0.245371 -0.472163
0.224352 -0.245601 -0.471970
0.224502 -0.245831 -0.471777
0.224651 -0.246062 -0.471585
0.224801 -0.246292 -0.471392
0.224950 -0.246522 -0.471199
0.225100 -0.246753 -0.471007
0.225249 -0.246983 -0.470814
0.225399 -0.247213 -0.470621
0.225548 -0.247444 -0.470428
0.225700 -0.247678 -0.470233
0.225904 -0.247992 -0.469966
0.226111 -0.248309 -0.469696
0.226317 -0.248627 -0.469426
0.226523 -0.248944 -0.469156
0.226730 -0.249262 -0.468886
0.226936 -0.249579 -0.468616
0.227142 -0.249897 -0.468346
0.227349 -0.250214 -0.468076
0.227555 -0.250532 -0.467806
0.227763 -0.250852 -0.467534
0.228000 -0.251215 -0.467221
0.228270 -0.251630 -0.466861
0.228540 -0.252045 -0.466501
0.228810 -0.252459 -0.466141
0.229080 -0.252874 -0.465781
0.229350 -0.253288 -0.465421
0.229620 -0.253703 -0.465060
0.229890 -0.254117 -0.464700
0.230161 -0.254532 -0.464340
0.230431 -0.254947 -0.463980
0.230705 -0.255368 -0.463613
0.231044 -0.255886 -0.463151
0.231387 -0.256412 -0.462682
0.231730 -0.256937 -0.462213
0.232073 -0.257462 -0.461743
0.232416 -0.257987 -0.461274
0.232759 -0.258512 -0.460805
0.233102 -0.259037 -0.460336
0.233445 -0.259562 -0.459867
0.233788 -0.260088 -0.459398
0.234134 -0.260617 -0.458925
0.234517 -0.261202 -0.458392
0.234946 -0.261857 -0.457787
0.235374 -0.262511 -0.457183
0.235803 -0.263165 -0.456578
0.236231 -0.263819 -0.455973
0.236660 -0.264473 -0.455368
0.237088 -0.265127 -0.454763
0.237517 -0.265781 -0.454158
0.237945 -0.266435 -0.453554
0.238374 -0.267090 -0.452949
0.238810 -0.267756 -0.452330
0.239333 -0.268551 -0.451564
0.239864 -0.269359 -0.450785
0.240395 -0.270167 -0.450005
0.240925 -0.270974 -0.449225
0.241456 -0.271782 -0.448446
0.241987 -0.272590 -0.447666
0.242518 -0.273397 -0.446886
0.243048 -0.274205 -0.446107
0.243579 -0.275012 -0.445327
0.244115 -0.275828 -0.444538
0.244703 -0.276721 -0.443652
0.245358 -0.277714 -0.442640
0.246013 -0.278708 -0.441628
0.246669 -0.279702 -0.440616
0.247324 -0.280695 -0.439604
0.247979 -0.281689 -0.438592
0.248634 -0.282683 -0.437580
0.249289 -0.283677 -0.436568
0.249945 -0.284670 -0.435557
0.250600 -0.285664 -0.434545
0.251270 -0.286679 -0.433503
0.252064 -0.287881 -0.432202
0.252873 -0.289104 -0.430871
0.253682 -0.290327 -0.429540
0.254491 -0.291550 -0.428209
0.255300 -0.292773 -0.426878
0.256109 -0.293996 -0.425547
0.256918 -0.295219 -0.424216
0.257727 -0.296442 -0.422885
0.258536 -0.297665 -0.421554
0.259354 -0.298902 -0.420201
0.260249 -0.300254 -0.418665
0.261249 -0.301762 -0.416881
0.262249 -0.303270 -0.415096
0.263249 -0.304778 -0.413312
0.264249 -0.306286 -0.411527
0.265250 -0.307795 -0.409743
0.266250 -0.309303 -0.407958
0.267250 -0.310811 -0.406174
0.268250 -0.312319 -0.404389
0.269250 -0.313827 -0.402605
0.270276 -0.315375 -0.400746
0.271486 -0.317197 -0.398367
0.272722 -0.319059 -0.395914
0.273958 -0.320920 -0.393461
0.275193 -0.322782 -0.391009
0.276429 -0.324644 -0.388556
0.277665 -0.326505 -0.386103
0.278901 -0.328367 -0.383650
0.280137 -0.330228 -0.381197
0.281373 -0.332090 -0.378744
0.282624 -0.333974 -0.376237
0.283984 -0.336025 -0.373328
0.285499 -0.338310 -0.369855
0.287014 -0.340595 -0.366382
0.288528 -0.342880 -0.362909
0.290043 -0.345165 -0.359436
0.291558 -0.347450 -0.355963
0.293073 -0.349735 -0.352490
0.294588 -0.352020 -0.349016
0.296103 -0.354305 -0.345543
0.297617 -0.356590 -0.342070
0.299168 -0.358932 -0.338394
0.300931 -0.361611 -0.333521
0.302731 -0.364346 -0.328446
0.304530 -0.367082 -0.323370
0.306329 -0.369817 -0.318294
0.308128 -0.372553 -0.313218
0.309927 -0.375288 -0.308143
0.311727 -0.378024 -0.303067
0.313526 -0.380759 -0.297991
0.315325 -0.383495 -0.292916
0.317133 -0.386247 -0.287691
0.318994 -0.389109 -0.281503
0.320935 -0.392132 -0.273904
0.322876 -0.395154 -0.266305
0.324817 -0.398176 -0.258706
0.326758 -0.401199 -0.251107
0.328699 -0.404221 -0.243508
0.330639 -0.407243 -0.235909
0.332580 -0.410266 -0.228310
0.334521 -0.413288 -0.220711
0.336462 -0.416311 -0.213112
0.338343 -0.419271 -0.204990
0.339922 -0.421916 -0.194216
0.341440 -0.424499 -0.182919
0.342959 -0.427082 -0.171622
0.344478 -0.429665 -0.160325
0.345997 -0.432248 -0.149028
0.347516 -0.434831 -0.137731
0.349035 -0.437414 -0.126434
0.350553 -0.439998 -0.115137
0.352072 -0.442581 -0.103839
0.353481 -0.445024 -0.092282
0.354243 -0.446642 -0.079185
0.354029 -0.447015 -0.063768
0.353814 -0.447388 -0.048350
0.353599 -0.447762 -0.032932
0.353385 -0.448135 -0.017515
0.353170 -0.448508 -0.002097
0.352955 -0.448881 0.013320
0.352741 -0.449255 0.028738
0.352526 -0.449628 0.044155
0.352311 -0.450001 0.059573
0.351610 -0.449717 0.075238
0.348746 -0.446512 0.092002
0.345395 -0.442650 0.109013
0.342044 -0.438788 0.126024
0.338693 -0.434925 0.143036
0.335342 -0.431063 0.160047
0.331992 -0.427201 0.177058
0.328641 -0.423339 0.194069
0.325290 -0.419476 0.211081
0.321939 -0.415614 0.228092
0.318418 -0.411505 0.244890
0.313959 -0.406042 0.260518
0.308051 -0.398486 0.274335
0.302143 -0.390930 0.288153
0.296235 -0.383373 0.301971
0.290327 -0.375817 0.315789
0.284419 -0.368260 0.329606
0.278511 -0.360704 0.343424
0.272602 -0.353148 0.357242
0.266694 -0.345591 0.371060
0.260786 -0.338035 0.384878
0.254821 -0.330342 0.397813
0.248632 -0.322111 0.407265
0.242385 -0.313743 0.415835
0.236139 -0.305376 0.424404
0.229893 -0.297009 0.432974
0.223646 -0.288641 0.441544
0.217400 -0.280274 0.450113
0.211153 -0.271906 0.458683
0.204907 -0.263539 0.467253
0.198660 -0.255171 0.475822
0.192485 -0.246881 0.484114
0.186684 -0.238988 0.490959
0.181471 -0.231723 0.495524
0.176258 -0.224458 0.500089
0.171045 -0.217194 0.504654
0.165832 -0.209929 0.509220
0.160619 -0.202664 0.513785
0.155406 -0.195399 0.518350
0.150193 -0.188135 0.522915
0.144980 -0.180870 0.527480
0.139767 -0.173605 0.532045
0.134776 -0.166604 0.536196
0.130568 -0.160537 0.538883
0.126581 -0.154734 0.541157
0.122594 -0.148931 0.543430
0.118607 -0.143128 0.545704
0.114621 -0.137325 0.547978
0.110634 -0.131522 0.550251
0.106647 -0.125719 0.552525
0.102660 -0.119915 0.554798
0.098673 -0.114112 0.557072
0.094757 -0.108395 0.559260
0.091195 -0.103112 0.561018
0.088200 -0.098521 0.562090
0.085204 -0.093930 0.563161
0.082208 -0.089339 0.564233
0.079212 -0.084748 0.565304
0.076217 -0.080157 0.566376
0.073221 -0.075566 0.567447
0.070225 -0.070975 0.568519
0.067229 -0.066384 0.569591
0.064234 -0.061793 0.570662
0.061377 -0.057372 0.571613
0.058966 -0.053500 0.572175
0.056694 -0.049797 0.572615
0.054422 -0.046095 0.573056
0.052150 -0.042392 0.573497
0.049878 -0.038690 0.573938
0.047606 -0.034987 0.574379
0.045334 -0.031285 0.574819
0.043062 -0.027582 0.575260
0.040790 -0.023880 0.575701
0.038555 -0.020223 0.576117
0.036505 -0.016790 0.576411
0.034751 -0.013717 0.576509
0.032997 -0.010645 0.576607
0.031243 -0.007572 0.576705
0.029489 -0.004499 0.576803
0.027735 -0.001426 0.576901
0.025981 0.001646 0.576998
0.024227 0.004719 0.577096
0.022473 0.007792 0.577194
0.020719 0.010865 0.577292
0.019041 0.013848 0.577350
0.017586 0.016567 0.577291
0.016207 0.019196 0.577193
0.014827 0.021825 0.577094
0.013448 0.024454 0.576995
0.012068 0.027084 0.576896
0.010689 0.029713 0.576798
0.009309 0.032342 0.576699
0.007930 0.034971 0.576600
0.006550 0.037601 0.576501
0.005191 0.040207 0.576394
0.003929 0.042703 0.576243
0.002826 0.045020 0.576024
0.001722 0.047337 0.575804
0.000619 0.049654 0.575584
-0.000485 0.051971 0.575365
-0.001589 0.054288 0.575145
-0.002692 0.056606 0.574925
-0.003796 0.058923 0.574705
-0.004899 0.061240 0.574486
-0.006003 0.063557 0.574266
-0.007062 0.065828 0.574029
-0.008002 0.067973 0.573745
-0.008898 0.070072 0.573443
-0.009793 0.072170 0.573141
-0.010689 0.074269 0.572840
-0.011585 0.076368 0.572538
-0.012480 0.078467 0.572237
-0.013376 0.080566 0.571935
-0.014272 0.082664 0.571634
-0.015167 0.084763 0.571332
-0.016051 0.086851 0.571026
-0.016878 0.088886 0.570698
-0.017614 0.090835 0.570333
-0.018349 0.092785 0.569969
-0.019084 0.094734 0.569605
-0.019819 0.096684 0.569241
-0.020554 0.098633 0.568877
-0.021290 0.100583 0.568513
-0.022025 0.102532 0.568149
-0.022760 0.104482 0.567785
-0.023495 0.106431 0.567421
-0.024203 0.108359 0.567045
-0.024839 0.110233 0.566639
-0.025448 0.112085 0.566220
-0.026056 0.113937 0.565802
-0.026665 0.115789 0.565383
-0.027274 0.117642 0.564965
-0.027882 0.119494 0.564546
-0.028491 0.121346 0.564128
-0.029100 0.123198 0.563709
-0.029708 0.125050 0.563291
-0.030310 0.126899 0.562868
-0.030874 0.128727 0.562427
-0.031380 0.130524 0.561955
-0.031886 0.132320 0.561482
-0.032392 0.134116 0.561010
-0.032898 0.135913 0.560538
-0.033404 0.137709 0.560066
-0.033910 0.139506 0.559594
-0.034417 0.141302 0.559122
-0.034923 0.143099 0.558650
-0.035429 0.144895 0.558178
-0.035915 0.146687 0.557692
-0.036356 0.148467 0.557175
-0.036777 0.150242 0.556645
-0.037198 0.152017 0.556115
-0.037619 0.153792 0.555585
-0.038040 0.155567 0.555055
-0.038461 0.157342 0.554525
-0.038882 0.159117 0.553995
-0.039303 0.160892 0.553465
-0.039724 0.162667 0.552935
-0.040141 0.164443 0.552400
-0.040530 0.166221 0.551841
-0.040879 0.168004 0.551245
-0.041228 0.169787 0.550648
-0.041577 0.171570 0.550052
-0.041925 0.173353 0.549455
-0.042274 0.175136 0.548859
-0.042623 0.176919 0.548262
-0.042971 0.178702 0.547666
-0.043320 0.180485 0.547069
-0.043669 0.182269 0.546473
-0.044003 0.184060 0.545858
-0.044303 0.185870 0.545201
-0.044588 0.187687 0.544525
-0.044873 0.189505 0.543850
-0.045159 0.191323 0.543174
-0.045444 0.193141 0.542499
-0.045729 0.194959 0.541823
-0.046014 0.196777 0.541148
-0.046300 0.198595 0.540472
-0.046585 0.200413 0.539796
-0.046867 0.202235 0.539115
-0.047127 0.204079 0.538397
-0.047355 0.205957 0.537626
-0.047583 0.207835 0.536854
-0.047810 0.209713 0.536082
-0.048038 0.211591 0.535311
-0.048266 0.213469 0.534539
-0.048494 0.215347 0.533767
-0.048722 0.217225 0.532996
-0.048950 0.219103 0.532224
-0.049177 0.220982 0.531452
-0.049392 0.222880 0.530652
-0.049579 0.224822 0.529791
-0.049753 0.226785 0.528900
-0.049927 0.228748 0.528010
-0.050101 0.230711 0.527120
-0.050275 0.232674 0.526230
-0.050449 0.234637 0.525339
-0.050623 0.236600 0.524449
-0.050797 0.238563 0.523559
-0.050971 0.240526 0.522669
-0.051142 0.242495 0.521770
-0.051292 0.244506 0.520815
-0.051414 0.246578 0.519777
-0.051535 0.248650 0.518739
-0.051656 0.250722 0.517701
-0.051778 0.252794 0.516664
-0.051899 0.254866 0.515626
-0.052020 0.256938 0.514588
-0.052141 0.259010 0.513550
-0.052263 0.261082 0.512512
-0.052384 0.263154 0.511475
-0.052492 0.265259 0.510391
-0.052573 0.267431 0.509214
-0.052641 0.269636 0.507991
-0.052709 0.271841 0.506768
-0.052777 0.274047 0.505545
-0.052844 0.276252 0.504322
-0.052912 0.278457 0.503099
-0.052980 0.280662 0.501876
-0.053048 0.282868 0.500653
-0.053116 0.285073 0.499430
-0.053180 0.287287 0.498195
-0.053223 0.289561 0.496868
-0.053234 0.291922 0.495411
-0.053245 0.294284 0.493955
-0.053256 0.296645 0.492499
-0.053267 0.299006 0.491043
-0.053278 0.301367 0.489586
-0.053289 0.303728 0.488130
-0.053300 0.306089 0.486674
-0.053311 0.308451 0.485217
-0.053322 0.310812 0.483761
-0.053317 0.313217 0.482230
-0.053281 0.315710 0.480553
-0.053230 0.318247 0.478801
-0.053178 0.320784 0.477049
-0.053127 0.323321 0.475297
-0.053076 0.325858 0.473546
-0.053024 0.328395 0.471794
-0.052973 0.330932 0.470042
-0.052921 0.333469 0.468290
-0.052870 0.336006 0.466538
-0.052815 0.338553 0.464768
-0.052731 0.341175 0.462847
-0.052609 0.343901 0.460721
-0.052487 0.346626 0.458595
-0.052364 0.349352 0.456469
-0.052242 0.352078 0.454343
-0.052119 0.354804 0.452217
-0.051997 0.357529 0.450091
-0.051875 0.360255 0.447965
-0.051752 0.362981 0.445839
-0.051630 0.365707 0.443713
-0.051486 0.368481 0.441466
-0.051303 0.371346 0.438988
-0.051098 0.374260 0.436390
-0.050893 0.377174 0.433791
-0.050688 0.380087 0.431193
-0.050484 0.383001 0.428594
-0.050279 0.385915 0.425996
-0.050074 0.388829 0.423397
-0.049869 0.391742 0.420799
-0.049664 0.394656 0.418200
-0.049456 0.397577 0.415576
-0.049206 0.400565 0.412708
-0.048905 0.403641 0.409519
-0.048603 0.406717 0.406331
-0.048301 0.409794 0.403142
-0.048000 0.412870 0.399953
-0.047698 0.415947 0.396765
-0.047396 0.419023 0.393576
-0.047094 0.422099 0.390387
-0.046793 0.425176 0.387199
-0.046491 0.428252 0.384010
-0.046160 0.431354 0.380634
-0.045774 0.434502 0.376911
-0.045359 0.437676 0.373000
-0.044944 0.440849 0.369090
-0.044529 0.444023 0.365180
-0.044114 0.447196 0.361269
-0.043699 0.450370 0.357359
-0.043283 0.453543 0.353449
-0.042868 0.456717 0.349538
-0.042453 0.459891 0.345628
-0.042034 0.463063 0.341688
-0.041558 0.466224 0.337383
-0.041014 0.469370 0.332623
-0.040469 0.472516 0.327863
-0.039925 0.475662 0.323103
-0.039380 0.478808 0.318343
-0.038836 0.481954 0.313583
-0.038291 0.485100 0.308824
-0.037746 0.488246 0.304064
-0.037202 0.491392 0.299304
-0.036657 0.494538 0.294544
-0.036076 0.497624 0.289539
-0.035429 0.500603 0.284086
-0.034744 0.503521 0.278388
-0.034060 0.506440 0.272689
-0.033376 0.509359 0.266991
-0.032692 0.512278 0.261293
-0.032008 0.515197 0.255595
-0.031324 0.518115 0.249896
-0.030640 0.521034 0.244198
-0.029955 0.523953 0.238500
-0.029268 0.526859 0.232777
-0.028518 0.529541 0.226637
-0.027697 0.531961 0.220005
-0.026876 0.534382 0.213373
-0.026055 0.536802 0.206741
-0.025233 0.539222 0.200109
-0.024412 0.541642 0.193477
-0.023591 0.544062 0.186846
-0.022769 0.546482 0.180214
-0.021948 0.548902 0.173582
-0.021127 0.551322 0.166950
-0.020276 0.553532 0.160114
-0.019371 0.555362 0.152908
-0.018436 0.556982 0.145499
-0.017502 0.558601 0.138089
-0.016567 0.560221 0.130679
-0.015633 0.561840 0.123269
-0.014698 0.563460 0.115860
-0.013764 0.565080 0.108450
-0.012829 0.566699 0.101040
-0.011895 0.568319 0.093630
-0.010959 0.569920 0.086213
-0.009993 0.571026 0.078583
-0.008994 0.571606 0.070727
-0.007995 0.572178 0.062869
-0.006996 0.572751 0.055010
-0.005996 0.573323 0.047151
-0.004997 0.573895 0.039293
-0.003998 0.574467 0.031434
-0.002998 0.575039 0.023575
-0.001999 0.575611 0.015716
-0.001000 0.576183 0.007858
-0.000000 0.576454 -0.000001
0.000999 0.576183 -0.007860
0.001998 0.575611 -0.015718
0.002998 0.575039 -0.023577
0.003997 0.574467 -0.031435
0.004996 0.573895 -0.039294
0.005995 0.573323 -0.047153
0.006995 0.572750 -0.055011
0.007994 0.572178 -0.062870
0.008993 0.571606 -0.070729
0.009992 0.571026 -0.078584
0.010958 0.569920 -0.086213
0.011894 0.568319 -0.093631
0.012828 0.566699 -0.101041
0.013763 0.565080 -0.108450
0.014697 0.563460 -0.115860
0.015631 0.561840 -0.123270
0.016566 0.560221 -0.130680
0.017500 0.558601 -0.138089
0.018435 0.556982 -0.145499
0.019369 0.555362 -0.152909
0.020274 0.553532 -0.160114
0.021125 0.551322 -0.166950
0.021946 0.548902 -0.173582
0.022768 0.546482 -0.180214
0.023589 0.544062 -0.186846
0.024411 0.541642 -0.193478
0.025232 0.539222 -0.200110
0.026053 0.536802 -0.206742
0.026875 0.534381 -0.213373
0.027696 0.531961 -0.220005
0.028517 0.529541 -0.226637
0.029267 0.526858 -0.232777
0.029954 0.523953 -0.238500
0.030639 0.521034 -0.244199
0.031323 0.518115 -0.249897
0.032007 0.515197 -0.255595
0.032691 0.512278 -0.261293
0.033375 0.509359 -0.266991
0.034060 0.506440 -0.272689
0.034744 0.503522 -0.278388
0.035428 0.500603 -0.284086
0.036076 0.497625 -0.289539
0.036657 0.494538 -0.294544
0.037201 0.491392 -0.299304
0.037746 0.488246 -0.304063
0.038290 0.485100 -0.308823
0.038835 0.481954 -0.313583
0.039380 0.478808 -0.318343
0.039924 0.475662 -0.323103
0.040469 0.472516 -0.327863
0.041013 0.469370 -0.332622
0.041558 0.466224 -0.337382
0.042033 0.463063 -0.341688
0.042453 0.459891 -0.345628
0.042868 0.456717 -0.349538
0.043283 0.453544 -0.353448
0.043698 0.450370 -0.357359
0.044113 0.447197 -0.361269
0.044529 0.444023 -0.365179
0.044944 0.440850 -0.369090
0.045359 0.437676 -0.373000
0.045774 0.434502 -0.376910
0.046160 0.431354 -0.380634
0.046491 0.428252 -0.384009
0.046793 0.425176 -0.387198
0.047095 0.422100 -0.390387
0.047396 0.419023 -0.393575
0.047698 0.415947 -0.396764
0.048000 0.412871 -0.399953
0.048302 0.409794 -0.403142
0.048603 0.406718 -0.406330
0.048905 0.403641 -0.409519
0.049207 0.400565 -0.412708
0.049456 0.397577 -0.415576
0.049665 0.394656 -0.418200
0.049870 0.391743 -0.420798
0.050075 0.388829 -0.423397
0.050280 0.385915 -0.425995
0.050485 0.383002 -0.428594
0.050689 0.380088 -0.431192
0.050894 0.377174 -0.433791
0.051099 0.374260 -0.436389
0.051304 0.371347 -0.438988
0.051488 0.368481 -0.441465
0.051631 0.365707 -0.443712
0.051754 0.362982 -0.445838
0.051876 0.360256 -0.447964
0.051998 0.357530 -0.450090
0.052121 0.354804 -0.452216
0.052243 0.352079 -0.454343
0.052366 0.349353 -0.456469
0.052488 0.346627 -0.458595
0.052611 0.343901 -0.460721
0.052733 0.341176 -0.462847
0.052816 0.338554 -0.464767
0.052871 0.336007 -0.466538
0.052923 0.333470 -0.468289
0.052974 0.330933 -0.470041
0.053025 0.328396 -0.471793
0.053077 0.325859 -0.473545
0.053128 0.323322 -0.475297
0.053180 0.320785 -0.477049
0.053231 0.318248 -0.478800
0.053282 0.315711 -0.480552
0.053318 0.313218 -0.482230
0.053323 0.310812 -0.483760
0.053312 0.308451 -0.485217
0.053301 0.306090 -0.486673
0.053290 0.303729 -0.488129
0.053278 0.301368 -0.489586
0.053267 0.299006 -0.491042
0.053256 0.296645 -0.492498
0.053245 0.294284 -0.493955
0.053234 0.291923 -0.495411
0.053223 0.289562 -0.496868
0.053181 0.287287 -0.498194
0.053116 0.285073 -0.499430
0.053048 0.282868 -0.500653
0.052981 0.280663 -0.501876
0.052913 0.278458 -0.503099
0.052845 0.276253 -0.504322
0.052777 0.274047 -0.505545
0.052710 0.271842 -0.506768
0.052642 0.269637 -0.507991
0.052574 0.267432 -0.509213
0.052493 0.265260 -0.510391
0.052385 0.263155 -0.511474
0.052264 0.261083 -0.512512
0.052142 0.259010 -0.513550
0.052021 0.256938 -0.514588
0.051900 0.254866 -0.515625
0.051778 0.252794 -0.516663
0.051657 0.250722 -0.517701
0.051536 0.248650 -0.518739
0.051414 0.246578 -0.519777
0.051293 0.244506 -0.520815
0.051142 0.242495 -0.521770
0.050971 0.240526 -0.522669
0.050797 0.238563 -0.523559
0.050623 0.236600 -0.524449
0.050449 0.234637 -0.525339
0.050275 0.232674 -0.526230
0.050101 0.230711 -0.527120
0.049927 0.228748 -0.528010
0.049753 0.226785 -0.528900
0.049579 0.224823 -0.529791
0.049392 0.222880 -0.530652
0.049177 0.220982 -0.531452
0.048950 0.219103 -0.532224
0.048722 0.217225 -0.532996
0.048494 0.215347 -0.533767
0.048266 0.213469 -0.534539
0.048038 0.211591 -0.535311
0.047810 0.209713 -0.536082
0.047583 0.207835 -0.536854
0.047355 0.205957 -0.537626
0.047127 0.204079 -0.538397
0.046867 0.202234 -0.539115
0.046585 0.200413 -0.539797
0.046300 0.198595 -0.540472
0.046014 0.196777 -0.541148
0.045729 0.194959 -0.541823
0.045444 0.193141 -0.542499
0.045158 0.191323 -0.543174
0.044873 0.189505 -0.543850
0.044588 0.187687 -0.544526
0.044302 0.185869 -0.545201
0.044002 0.184059 -0.545858
0.043668 0.182268 -0.546473
0.043320 0.180485 -0.547070
0.042971 0.178701 -0.547666
0.042622 0.176918 -0.548263
0.042274 0.175135 -0.548859
0.041925 0.173352 -0.549456
0.041576 0.171569 -0.550052
0.041228 0.169786 -0.550649
0.040879 0.168003 -0.551245
0.040530 0.166220 -0.551842
0.040140 0.164441 -0.552401
0.039724 0.162666 -0.552935
0.039303 0.160891 -0.553465
0.038882 0.159116 -0.553995
0.038461 0.157341 -0.554525
0.038040 0.155566 -0.555055
0.037619 0.153791 -0.555585
0.037198 0.152016 -0.556115
0.036777 0.150242 -0.556645
0.036356 0.148467 -0.557175
0.035915 0.146687 -0.557692
0.035429 0.144895 -0.558178
0.034923 0.143099 -0.558650
0.034416 0.141302 -0.559122
0.033910 0.139506 -0.559594
0.033404 0.137709 -0.560066
0.032898 0.135913 -0.560538
0.032392 0.134116 -0.561010
0.031886 0.132320 -0.561483
0.031380 0.130523 -0.561955
0.030874 0.128727 -0.562427
0.030309 0.126899 -0.562868
0.029708 0.125050 -0.563291
0.029099 0.123198 -0.563709
0.028491 0.121346 -0.564128
0.027882 0.119493 -0.564546
0.027274 0.117641 -0.564965
0.026665 0.115789 -0.565383
0.026057 0.113937 -0.565802
0.025448 0.112084 -0.566220
0.024840 0.110232 -0.566639
0.024203 0.108358 -0.567045
0.023496 0.106430 -0.567421
0.022761 0.104481 -0.567785
0.022025 0.102532 -0.568149
0.021290 0.100582 -0.568513
0.020555 0.098633 -0.568877
0.019820 0.096684 -0.569241
0.019084 0.094734 -0.569605
0.018349 0.092785 -0.569969
0.017614 0.090836 -0.570333
0.016879 0.088887 -0.570697
0.016052 0.086852 -0.571026
0.015168 0.084764 -0.571332
0.014272 0.082665 -0.571633
0.013376 0.080566 -0.571935
0.012481 0.078467 -0.572237
0.011585 0.076368 -0.572538
0.010690 0.074270 -0.572840
0.009794 0.072171 -0.573141
0.008898 0.070072 -0.573443
0.008003 0.067973 -0.573745
0.007063 0.065828 -0.574029
0.006003 0.063557 -0.574266
0.004900 0.061240 -0.574486
0.003796 0.058923 -0.574705
0.002692 0.056606 -0.574925
0.001589 0.054289 -0.575145
0.000485 0.051972 -0.575365
-0.000619 0.049655 -0.575584
-0.001723 0.047338 -0.575804
-0.002826 0.045021 -0.576024
-0.003930 0.042704 -0.576243
-0.005192 0.040208 -0.576394
-0.006551 0.037601 -0.576501
-0.007930 0.034972 -0.576600
-0.009310 0.032343 -0.576699
-0.010689 0.029714 -0.576798
-0.012068 0.027084 -0.576896
-0.013448 0.024455 -0.576995
-0.014827 0.021826 -0.577094
-0.016207 0.019197 -0.577193
-0.017586 0.016567 -0.577291
-0.019041 0.013849 -0.577350
-0.020719 0.010865 -0.577292
-0.022473 0.007793 -0.577194
-0.024227 0.004720 -0.577096
-0.025981 0.001647 -0.576998
-0.027735 -0.001426 -0.576901
-0.029489 -0.004499 -0.576803
-0.031243 -0.007572 -0.576705
-0.032996 -0.010644 -0.576607
-0.034750 -0.013717 -0.576509
-0.036504 -0.016790 -0.576411
-0.038555 -0.020223 -0.576117
-0.040789 -0.023880 -0.575701
-0.043061 -0.027582 -0.575260
-0.045333 -0.031285 -0.574819
-0.047605 -0.034987 -0.574379
-0.049877 -0.038690 -0.573938
-0.052150 -0.042392 -0.573497
-0.054422 -0.046094 -0.573056
-0.056694 -0.049797 -0.572615
-0.058966 -0.053499 -0.572175
-0.061376 -0.057372 -0.571613
-0.064233 -0.061793 -0.570662
-0.067229 -0.066384 -0.569591
-0.070225 -0.070975 -0.568519
-0.073221 -0.075566 -0.567448
-0.076216 -0.080157 -0.566376
-0.079212 -0.084748 -0.565305
-0.082208 -0.089339 -0.564233
-0.085203 -0.093930 -0.563161
-0.088199 -0.098521 -0.562090
-0.091195 -0.103112 -0.561018
-0.094757 -0.108395 -0.559260
-0.098673 -0.114112 -0.557072
-0.102660 -0.119915 -0.554798
-0.106647 -0.125718 -0.552525
-0.110634 -0.131522 -0.550251
-0.114620 -0.137325 -0.547978
-0.118607 -0.143128 -0.545704
-0.122594 -0.148931 -0.543430
-0.126581 -0.154735 -0.541157
-0.130568 -0.160538 -0.538883
-0.134776 -0.166605 -0.536196
-0.139767 -0.173606 -0.532045
-0.144980 -0.180870 -0.527479
-0.150193 -0.188135 -0.522914
-0.155406 -0.195400 -0.518349
-0.160619 -0.202665 -0.513784
-0.165832 -0.209930 -0.509219
-0.171045 -0.217194 -0.504654
-0.176258 -0.224459 -0.500089
-0.181471 -0.231724 -0.495524
-0.186684 -0.238989 -0.490959
-0.192485 -0.246881 -0.484114
-0.198660 -0.255172 -0.475822
-0.204906 -0.263540 -0.467252
-0.211153 -0.271907 -0.458682
-0.217400 -0.280275 -0.450113
-0.223646 -0.288642 -0.441543
-0.229893 -0.297010 -0.432973
-0.236139 -0.305377 -0.424403
-0.242386 -0.313745 -0.415833
-0.248632 -0.322112 -0.407264
-0.254822 -0.330343 -0.397811
-0.260787 -0.338036 -0.384876
-0.266695 -0.345592 -0.371058
-0.272603 -0.353149 -0.357241
-0.278511 -0.360705 -0.343423
-0.284419 -0.368261 -0.329605
-0.290327 -0.375818 -0.315787
-0.296235 -0.383374 -0.301970
-0.302143 -0.390930 -0.288152
-0.308051 -0.398487 -0.274334
-0.313959 -0.406043 -0.260516
-0.318418 -0.411506 -0.244889
-0.321940 -0.415614 -0.228091
-0.325291 -0.419476 -0.211079
-0.328641 -0.423339 -0.194068
-0.331992 -0.427201 -0.177057
-0.335343 -0.431063 -0.160046
-0.338694 -0.434925 -0.143034
-0.342045 -0.438787 -0.126023
-0.345396 -0.442650 -0.109012
-0.348747 -0.446512 -0.092001
-0.351611 -0.449717 -0.075237
-0.352312 -0.450001 -0.059572
-0.352527 -0.449627 -0.044155
-0.352742 -0.449254 -0.028737
-0.352956 -0.448881 -0.013320
-0.353171 -0.448507 0.002097
-0.353386 -0.448134 0.017515
-0.353600 -0.447761 0.032932
-0.353815 -0.447388 0.048350
-0.354030 -0.447014 0.063767
-0.354244 -0.446641 0.079185
-0.353483 -0.445023 0.092281
-0.352074 -0.442580 0.103839
-0.350555 -0.439997 0.115136
-0.349036 -0.437414 0.126433
-0.347517 -0.434831 0.137729
-0.345998 -0.432248 0.149026
-0.344480 -0.429664 0.160323
-0.342961 -0.427081 0.171620
-0.341442 -0.424498 0.182917
-0.339923 -0.421915 0.194214
-0.338345 -0.419270 0.204989
-0.336464 -0.416310 0.213110
-0.334523 -0.413288 0.220709
-0.332582 -0.410266 0.228308
-0.330641 -0.407243 0.235907
-0.328700 -0.404221 0.243506
-0.326759 -0.401199 0.251105
-0.324818 -0.398177 0.258704
-0.322877 -0.395154 0.266302
-0.320936 -0.392132 0.273901
-0.318995 -0.389110 0.281500
-0.317134 -0.386248 0.287689
-0.315326 -0.383496 0.292913
-0.313527 -0.380760 0.297989
-0.311727 -0.378025 0.303065
-0.309928 -0.375289 0.308141
-0.308129 -0.372554 0.313216
-0.306330 -0.369818 0.318292
-0.304530 -0.367083 0.323368
-0.302731 -0.364347 0.328444
-0.300932 -0.361612 0.333519
-0.299168 -0.358933 0.338392
-0.297618 -0.356591 0.342069
-0.296103 -0.354306 0.345542
-0.294588 -0.352021 0.349015
-0.293073 -0.349736 0.352488
-0.291559 -0.347451 0.355962
-0.290044 -0.345165 0.359435
-0.288529 -0.342880 0.362908
-0.287014 -0.340595 0.366381
-0.285500 -0.338310 0.369855
-0.283985 -0.336025 0.373328
-0.282625 -0.333974 0.376236
-0.281374 -0.332090 0.378744
-0.280138 -0.330228 0.381197
-0.278902 -0.328367 0.383650
-0.277666 -0.326505 0.386103
-0.276430 -0.324644 0.388555
-0.275194 -0.322782 0.391008
-0.273958 -0.320920 0.393461
-0.272722 -0.319059 0.395914
-0.271486 -0.317197 0.398367
-0.270276 -0.315375 0.400745
-0.269250 -0.313828 0.402604
-0.268250 -0.312319 0.404389
-0.267250 -0.310811 0.406173
-0.266250 -0.309303 0.407958
-0.265250 -0.307795 0.409742
-0.264249 -0.306287 0.411527
-0.263249 -0.304779 0.413311
-0.262249 -0.303270 0.415096
-0.261249 -0.301762 0.416881
-0.260249 -0.300254 0.418665
-0.259354 -0.298902 0.420201
-0.258535 -0.297665 0.421554
-0.257726 -0.296442 0.422885
-0.256917 -0.295219 0.424216
-0.256108 -0.293996 0.425547
-0.255299 -0.292773 0.426878
-0.254491 -0.291550 0.428209
-0.253682 -0.290327 0.429540
-0.252873 -0.289104 0.430871
-0.252064 -0.287881 0.432202
-0.251269 -0.286680 0.433503
-0.250599 -0.285664 0.434545
-0.249944 -0.284670 0.435557
-0.249289 -0.283677 0.436569
-0.248634 -0.282683 0.437581
-0.247979 -0.281689 0.438592
-0.247323 -0.280695 0.439604
-0.246668 -0.279701 0.440616
-0.246013 -0.278708 0.441628
-0.245358 -0.277714 0.442640
-0.244703 -0.276720 0.443652
-0.244115 -0.275827 0.444538
-0.243579 -0.275012 0.445328
-0.243048 -0.274204 0.446107
-0.242517 -0.273396 0.446887
-0.241987 -0.272589 0.447667
-0.241456 -0.271781 0.448446
-0.240925 -0.270974 0.449226
-0.240394 -0.270166 0.450006
-0.239864 -0.269358 0.450785
-0.239333 -0.268551 0.451565
-0.238810 -0.267755 0.452331
-0.238374 -0.267089 0.452949
-0.237945 -0.266435 0.453554
-0.237517 -0.265781 0.454159
-0.237088 -0.265127 0.454764
-0.236660 -0.264473 0.455368
-0.236231 -0.263819 0.455973
-0.235803 -0.263165 0.456578
-0.235374 -0.262510 0.457183
-0.234946 -0.261856 0.457788
-0.234517 -0.261202 0.458392
-0.234134 -0.260617 0.458925
-0.233788 -0.260087 0.459398
-0.233445 -0.259562 0.459867
-0.233102 -0.259037 0.460337
-0.232759 -0.258512 0.460806
-0.232416 -0.257987 0.461275
-0.232073 -0.257461 0.461744
-0.231730 -0.256936 0.462213
-0.231387 -0.256411 0.462682
-0.231044 -0.255886 0.463151
-0.230705 -0.255367 0.463614
-0.230430 -0.254946 0.463980
-0.230160 -0.254532 0.464340
-0.229890 -0.254117 0.464701
-0.229620 -0.253703 0.465061
-0.229350 -0.253288 0.465421
-0.229080 -0.252874 0.465781
-0.228810 -0.252459 0.466141
-0.228540 -0.252045 0.466501
-0.228270 -0.251630 0.466861
-0.228000 -0.251216 0.467221
-0.227763 -0.250852 0.467534
-0.227555 -0.250532 0.467806
-0.227348 -0.250215 0.468076
-0.227142 -0.249897 0.468346
-0.226935 -0.249580 0.468616
-0.226729 -0.249262 0.468886
-0.226523 -0.248944 0.469156
-0.226316 -0.248627 0.469426
-0.226110 -0.248309 0.469696
-0.225903 -0.247992 0.469966
-0.225699 -0.247678 0.470233
-0.225547 -0.247444 0.470429
-0.225398 -0.247214 0.470622
-0.225248 -0.246983 0.470814
-0.225099 -0.246753 0.471007
-0.224949 -0.246522 0.471200
-0.224800 -0.246292 0.471392
-0.224650 -0.246062 0.471585
-0.224501 -0.245831 0.471778
-0.224352 -0.245601 0.471970
-0.224202 -0.245371 0.472163
-0.224080 -0.245182 0.472320
-0.223981 -0.245031 0.472446
-0.223884 -0.244881 0.472570
-0.223787 -0.244731 0.472694
-0.223690 -0.244581 0.472818
-0.223593 -0.244431 0.472942
-0.223495 -0.244280 0.473066
-0.223398 -0.244130 0.473190
-0.223301 -0.243980 0.473314
-0.223204 -0.243830 0.473438
-0.223108 -0.243682 0.473561
-0.223059 -0.243607 0.473623
-0.223011 -0.243533 0.473684
-0.222963 -0.243459 0.473745
-0.222915 -0.243385 0.473805
-0.222867 -0.243311 0.473866
-0.222819 -0.243237 0.473927
-0.222771 -0.243163 0.473987
-0.222724 -0.243089 0.474048
-0.222676 -0.243015 0.474109
-0.222628 -0.242941 0.474170
-0.211889 -0.231213 0.451375
-0.190803 -0.208204 0.406457
-0.169603 -0.185070 0.361295
-0.148403 -0.161936 0.316133
-0.127202 -0.138802 0.270971
-0.106002 -0.115669 0.225810
-0.084801 -0.092535 0.180648
-0.063601 -0.069401 0.135486
-0.042401 -0.046267 0.090324
-0.021200 -0.023134 0.045162
-0.000000 -0.000000 -0.000000
##END
