##TITLE= pre_Bruker7T_NOW_M0_nogap_10_6_interp_g_te21_flip1_optLTE_res_21000_5040_20_1051_252_240625 
##JCAMP-DX= 5.00 Bruker JCAMP library 
##DATA TYPE= Shape Data 
##ORIGIN= Bruker Analytik GmbH 
##OWNER= <nmrsu> 
##DATE= xx 
##TIME= xx 
##MINX= -1 
##MAXX= 1 
##MINY= -1 
##MAXY= 1 
##$SHAPE_EXMODE= Gradient 
##$SHAPE_TOTROT= 0 
##$SHAPE_BWFAC= 0 
##$SHAPE_INTEGFAC= 0 
##$SHAPE_MODE= 0 
##DURATION= 21 
##DIRECTIONVEC= 0  0  1 
##NPOINTS= 1051 
##XYDATA= (T X Y Z) 
0.000000 0.000000 0.000000
0.000000 0.000000 0.040069
0.000000 0.000000 0.080137
0.000000 0.000000 0.120206
0.000000 0.000000 0.160274
0.000000 0.000000 0.200343
0.000000 0.000000 0.240411
0.000000 0.000000 0.280480
0.000000 0.000000 0.320548
0.000000 0.000000 0.360617
0.000000 0.000000 0.400470
0.000000 0.000000 0.420784
0.000000 0.000000 0.420912
0.000000 0.000000 0.421040
0.000000 0.000000 0.421168
0.000000 0.000000 0.421296
0.000000 0.000000 0.421424
0.000000 0.000000 0.421552
0.000000 0.000000 0.421680
0.000000 0.000000 0.421808
0.000000 0.000000 0.421937
0.000000 0.000000 0.422067
0.000000 0.000000 0.422324
0.000000 0.000000 0.422584
0.000000 0.000000 0.422844
0.000000 0.000000 0.423104
0.000000 0.000000 0.423364
0.000000 0.000000 0.423623
0.000000 0.000000 0.423883
0.000000 0.000000 0.424143
0.000000 0.000000 0.424403
0.000000 0.000000 0.424665
0.000000 0.000000 0.424992
0.000000 0.000000 0.425391
0.000000 0.000000 0.425790
0.000000 0.000000 0.426189
0.000000 0.000000 0.426588
0.000000 0.000000 0.426987
0.000000 0.000000 0.427386
0.000000 0.000000 0.427785
0.000000 0.000000 0.428184
0.000000 0.000000 0.428583
0.000000 0.000000 0.428988
0.000000 0.000000 0.429532
0.000000 0.000000 0.430082
0.000000 0.000000 0.430632
0.000000 0.000000 0.431182
0.000000 0.000000 0.431732
0.000000 0.000000 0.432282
0.000000 0.000000 0.432832
0.000000 0.000000 0.433382
0.000000 0.000000 0.433932
0.000000 0.000000 0.434486
0.000000 0.000000 0.435116
0.000000 0.000000 0.435834
0.000000 0.000000 0.436552
0.000000 0.000000 0.437270
0.000000 0.000000 0.437988
0.000000 0.000000 0.438706
0.000000 0.000000 0.439424
0.000000 0.000000 0.440142
0.000000 0.000000 0.440860
0.000000 0.000000 0.441578
0.000000 0.000000 0.442308
0.000000 0.000000 0.443206
0.000000 0.000000 0.444116
0.000000 0.000000 0.445025
0.000000 0.000000 0.445935
0.000000 0.000000 0.446844
0.000000 0.000000 0.447754
0.000000 0.000000 0.448664
0.000000 0.000000 0.449573
0.000000 0.000000 0.450483
0.000000 0.000000 0.451400
0.000000 0.000000 0.452414
0.000000 0.000000 0.453547
0.000000 0.000000 0.454680
0.000000 0.000000 0.455813
0.000000 0.000000 0.456946
0.000000 0.000000 0.458079
0.000000 0.000000 0.459212
0.000000 0.000000 0.460345
0.000000 0.000000 0.461478
0.000000 0.000000 0.462611
0.000000 0.000000 0.463764
0.000000 0.000000 0.465143
0.000000 0.000000 0.466541
0.000000 0.000000 0.467940
0.000000 0.000000 0.469339
0.000000 0.000000 0.470738
0.000000 0.000000 0.472137
0.000000 0.000000 0.473536
0.000000 0.000000 0.474935
0.000000 0.000000 0.476334
0.000000 0.000000 0.477746
0.000000 0.000000 0.479292
0.000000 0.000000 0.481014
0.000000 0.000000 0.482735
0.000000 0.000000 0.484456
0.000000 0.000000 0.486177
0.000000 0.000000 0.487898
0.000000 0.000000 0.489619
0.000000 0.000000 0.491340
0.000000 0.000000 0.493061
0.000000 0.000000 0.494783
0.000000 0.000000 0.496541
0.000000 0.000000 0.498622
0.000000 0.000000 0.500740
0.000000 0.000000 0.502859
0.000000 0.000000 0.504977
0.000000 0.000000 0.507095
0.000000 0.000000 0.509214
0.000000 0.000000 0.511332
0.000000 0.000000 0.513451
0.000000 0.000000 0.515569
0.000000 0.000000 0.517711
0.000000 0.000000 0.520053
0.000000 0.000000 0.522665
0.000000 0.000000 0.525277
0.000000 0.000000 0.527890
0.000000 0.000000 0.530502
0.000000 0.000000 0.533114
0.000000 0.000000 0.535726
0.000000 0.000000 0.538339
0.000000 0.000000 0.540951
0.000000 0.000000 0.543563
0.000000 0.000000 0.546244
0.000000 0.000000 0.549400
0.000000 0.000000 0.552624
0.000000 0.000000 0.555849
0.000000 0.000000 0.559073
0.000000 0.000000 0.562298
0.000000 0.000000 0.565522
0.000000 0.000000 0.568747
0.000000 0.000000 0.571971
0.000000 0.000000 0.575195
0.000000 0.000000 0.578459
0.000000 0.000000 0.582011
0.000000 0.000000 0.585969
0.000000 0.000000 0.589926
0.000000 0.000000 0.593884
0.000000 0.000000 0.597842
0.000000 0.000000 0.601800
0.000000 0.000000 0.605758
0.000000 0.000000 0.609715
0.000000 0.000000 0.613673
0.000000 0.000000 0.617631
0.000000 0.000000 0.621688
0.000000 0.000000 0.626327
0.000000 0.000000 0.631065
0.000000 0.000000 0.635803
0.000000 0.000000 0.640541
0.000000 0.000000 0.645279
0.000000 0.000000 0.650017
0.000000 0.000000 0.654755
0.000000 0.000000 0.659494
0.000000 0.000000 0.664232
0.000000 0.000000 0.668999
0.000000 0.000000 0.673956
0.000000 0.000000 0.679191
0.000000 0.000000 0.684426
0.000000 0.000000 0.689661
0.000000 0.000000 0.694896
0.000000 0.000000 0.700131
0.000000 0.000000 0.705366
0.000000 0.000000 0.710601
0.000000 0.000000 0.715836
0.000000 0.000000 0.721071
0.000000 0.000000 0.726199
0.000000 0.000000 0.730780
0.000000 0.000000 0.735254
0.000000 0.000000 0.739728
0.000000 0.000000 0.744202
0.000000 0.000000 0.748677
0.000000 0.000000 0.753151
0.000000 0.000000 0.757625
0.000000 0.000000 0.762099
0.000000 0.000000 0.766573
0.000000 0.000000 0.770805
0.000000 0.000000 0.773607
0.000000 0.000000 0.774254
0.000000 0.000000 0.774901
0.000000 0.000000 0.775547
0.000000 0.000000 0.776194
0.000000 0.000000 0.776840
0.000000 0.000000 0.777487
0.000000 0.000000 0.778134
0.000000 0.000000 0.778780
0.000000 0.000000 0.779427
0.000000 0.000000 0.778935
0.000000 0.000000 0.773384
0.000000 0.000000 0.766694
0.000000 0.000000 0.760005
0.000000 0.000000 0.753315
0.000000 0.000000 0.746626
0.000000 0.000000 0.739936
0.000000 0.000000 0.733247
0.000000 0.000000 0.726557
0.000000 0.000000 0.719868
0.000000 0.000000 0.712751
0.000000 0.000000 0.703289
0.000000 0.000000 0.690201
0.000000 0.000000 0.677113
0.000000 0.000000 0.664025
0.000000 0.000000 0.650937
0.000000 0.000000 0.637849
0.000000 0.000000 0.624761
0.000000 0.000000 0.611673
0.000000 0.000000 0.598585
0.000000 0.000000 0.585497
0.000000 0.000000 0.572173
0.000000 0.000000 0.557916
0.000000 0.000000 0.543424
0.000000 0.000000 0.528931
0.000000 0.000000 0.514438
0.000000 0.000000 0.499945
0.000000 0.000000 0.485453
0.000000 0.000000 0.470960
0.000000 0.000000 0.456467
0.000000 0.000000 0.441974
0.000000 0.000000 0.427614
0.000000 0.000000 0.413944
0.000000 0.000000 0.401361
0.000000 0.000000 0.388778
0.000000 0.000000 0.376195
0.000000 0.000000 0.363612
0.000000 0.000000 0.351029
0.000000 0.000000 0.338446
0.000000 0.000000 0.325863
0.000000 0.000000 0.313280
0.000000 0.000000 0.300697
0.000000 0.000000 0.288571
0.000000 0.000000 0.278063
0.000000 0.000000 0.268012
0.000000 0.000000 0.257960
0.000000 0.000000 0.247909
0.000000 0.000000 0.237858
0.000000 0.000000 0.227807
0.000000 0.000000 0.217755
0.000000 0.000000 0.207704
0.000000 0.000000 0.197653
0.000000 0.000000 0.187751
0.000000 0.000000 0.178600
0.000000 0.000000 0.170648
0.000000 0.000000 0.162696
0.000000 0.000000 0.154744
0.000000 0.000000 0.146792
0.000000 0.000000 0.138841
0.000000 0.000000 0.130889
0.000000 0.000000 0.122937
0.000000 0.000000 0.114985
0.000000 0.000000 0.107033
0.000000 0.000000 0.099376
0.000000 0.000000 0.092668
0.000000 0.000000 0.086256
0.000000 0.000000 0.079843
0.000000 0.000000 0.073430
0.000000 0.000000 0.067017
0.000000 0.000000 0.060604
0.000000 0.000000 0.054191
0.000000 0.000000 0.047778
0.000000 0.000000 0.041366
0.000000 0.000000 0.035031
0.000000 0.000000 0.029085
0.000000 0.000000 0.023763
0.000000 0.000000 0.018441
0.000000 0.000000 0.013119
0.000000 0.000000 0.007797
0.000000 0.000000 0.002475
-0.000000 -0.000000 -0.002848
-0.000000 -0.000000 -0.008170
-0.000000 -0.000000 -0.013492
-0.000000 -0.000000 -0.018814
-0.000000 -0.000000 -0.023981
-0.000000 -0.000000 -0.028690
-0.000000 -0.000000 -0.033244
-0.000000 -0.000000 -0.037798
-0.000000 -0.000000 -0.042352
-0.000000 -0.000000 -0.046906
-0.000000 -0.000000 -0.051460
-0.000000 -0.000000 -0.056014
-0.000000 -0.000000 -0.060568
-0.000000 -0.000000 -0.065122
-0.000000 -0.000000 -0.069637
-0.000000 -0.000000 -0.073960
-0.000000 -0.000000 -0.077973
-0.000000 -0.000000 -0.081986
-0.000000 -0.000000 -0.086000
-0.000000 -0.000000 -0.090013
-0.000000 -0.000000 -0.094026
-0.000000 -0.000000 -0.098040
-0.000000 -0.000000 -0.102053
-0.000000 -0.000000 -0.106066
-0.000000 -0.000000 -0.110080
-0.000000 -0.000000 -0.114013
-0.000000 -0.000000 -0.117728
-0.000000 -0.000000 -0.121364
-0.000000 -0.000000 -0.124999
-0.000000 -0.000000 -0.128634
-0.000000 -0.000000 -0.132269
-0.000000 -0.000000 -0.135904
-0.000000 -0.000000 -0.139540
-0.000000 -0.000000 -0.143175
-0.000000 -0.000000 -0.146810
-0.000000 -0.000000 -0.150427
-0.000000 -0.000000 -0.153951
-0.000000 -0.000000 -0.157328
-0.000000 -0.000000 -0.160704
-0.000000 -0.000000 -0.164081
-0.000000 -0.000000 -0.167457
-0.000000 -0.000000 -0.170834
-0.000000 -0.000000 -0.174210
-0.000000 -0.000000 -0.177587
-0.000000 -0.000000 -0.180963
-0.000000 -0.000000 -0.184340
-0.000000 -0.000000 -0.187679
-0.000000 -0.000000 -0.190925
-0.000000 -0.000000 -0.194133
-0.000000 -0.000000 -0.197341
-0.000000 -0.000000 -0.200549
-0.000000 -0.000000 -0.203757
-0.000000 -0.000000 -0.206965
-0.000000 -0.000000 -0.210174
-0.000000 -0.000000 -0.213382
-0.000000 -0.000000 -0.216590
-0.000000 -0.000000 -0.219791
-0.000000 -0.000000 -0.222958
-0.000000 -0.000000 -0.226070
-0.000000 -0.000000 -0.229181
-0.000000 -0.000000 -0.232293
-0.000000 -0.000000 -0.235404
-0.000000 -0.000000 -0.238516
-0.000000 -0.000000 -0.241628
-0.000000 -0.000000 -0.244739
-0.000000 -0.000000 -0.247851
-0.000000 -0.000000 -0.250963
-0.000000 -0.000000 -0.254066
-0.000000 -0.000000 -0.257149
-0.000000 -0.000000 -0.260223
-0.000000 -0.000000 -0.263297
-0.000000 -0.000000 -0.266372
-0.000000 -0.000000 -0.269446
-0.000000 -0.000000 -0.272521
-0.000000 -0.000000 -0.275595
-0.000000 -0.000000 -0.278669
-0.000000 -0.000000 -0.281744
-0.000000 -0.000000 -0.284819
-0.000000 -0.000000 -0.287900
-0.000000 -0.000000 -0.290988
-0.000000 -0.000000 -0.294076
-0.000000 -0.000000 -0.297165
-0.000000 -0.000000 -0.300253
-0.000000 -0.000000 -0.303341
-0.000000 -0.000000 -0.306430
-0.000000 -0.000000 -0.309518
-0.000000 -0.000000 -0.312606
-0.000000 -0.000000 -0.315695
-0.000000 -0.000000 -0.318797
-0.000000 -0.000000 -0.321932
-0.000000 -0.000000 -0.325081
-0.000000 -0.000000 -0.328229
-0.000000 -0.000000 -0.331378
-0.000000 -0.000000 -0.334527
-0.000000 -0.000000 -0.337676
-0.000000 -0.000000 -0.340824
-0.000000 -0.000000 -0.343973
-0.000000 -0.000000 -0.347122
-0.000000 -0.000000 -0.350277
-0.000000 -0.000000 -0.353472
-0.000000 -0.000000 -0.356724
-0.000000 -0.000000 -0.359977
-0.000000 -0.000000 -0.363230
-0.000000 -0.000000 -0.366483
-0.000000 -0.000000 -0.369736
-0.000000 -0.000000 -0.372989
-0.000000 -0.000000 -0.376242
-0.000000 -0.000000 -0.379495
-0.000000 -0.000000 -0.382748
-0.000000 -0.000000 -0.386036
-0.000000 -0.000000 -0.389401
-0.000000 -0.000000 -0.392800
-0.000000 -0.000000 -0.396200
-0.000000 -0.000000 -0.399600
-0.000000 -0.000000 -0.403000
-0.000000 -0.000000 -0.406400
-0.000000 -0.000000 -0.409800
-0.000000 -0.000000 -0.413200
-0.000000 -0.000000 -0.416599
-0.000000 -0.000000 -0.420011
-0.000000 -0.000000 -0.423494
-0.000000 -0.000000 -0.427082
-0.000000 -0.000000 -0.430671
-0.000000 -0.000000 -0.434260
-0.000000 -0.000000 -0.437849
-0.000000 -0.000000 -0.441437
-0.000000 -0.000000 -0.445026
-0.000000 -0.000000 -0.448615
-0.000000 -0.000000 -0.452204
-0.000000 -0.000000 -0.455792
-0.000000 -0.000000 -0.459438
-0.000000 -0.000000 -0.463201
-0.000000 -0.000000 -0.467020
-0.000000 -0.000000 -0.470840
-0.000000 -0.000000 -0.474659
-0.000000 -0.000000 -0.478479
-0.000000 -0.000000 -0.482299
-0.000000 -0.000000 -0.486118
-0.000000 -0.000000 -0.489938
-0.000000 -0.000000 -0.493757
-0.000000 -0.000000 -0.497592
-0.000000 -0.000000 -0.501532
-0.000000 -0.000000 -0.505621
-0.000000 -0.000000 -0.509711
-0.000000 -0.000000 -0.513801
-0.000000 -0.000000 -0.517890
-0.000000 -0.000000 -0.521980
-0.000000 -0.000000 -0.526070
-0.000000 -0.000000 -0.530159
-0.000000 -0.000000 -0.534249
-0.000000 -0.000000 -0.538338
-0.000000 -0.000000 -0.542505
-0.000000 -0.000000 -0.546822
-0.000000 -0.000000 -0.551217
-0.000000 -0.000000 -0.555611
-0.000000 -0.000000 -0.560006
-0.000000 -0.000000 -0.564400
-0.000000 -0.000000 -0.568794
-0.000000 -0.000000 -0.573189
-0.000000 -0.000000 -0.577583
-0.000000 -0.000000 -0.581977
-0.000000 -0.000000 -0.586388
-0.000000 -0.000000 -0.590929
-0.000000 -0.000000 -0.595651
-0.000000 -0.000000 -0.600372
-0.000000 -0.000000 -0.605093
-0.000000 -0.000000 -0.609814
-0.000000 -0.000000 -0.614535
-0.000000 -0.000000 -0.619256
-0.000000 -0.000000 -0.623977
-0.000000 -0.000000 -0.628699
-0.000000 -0.000000 -0.633420
-0.000000 -0.000000 -0.638224
-0.000000 -0.000000 -0.643188
-0.000000 -0.000000 -0.648234
-0.000000 -0.000000 -0.653281
-0.000000 -0.000000 -0.658328
-0.000000 -0.000000 -0.663375
-0.000000 -0.000000 -0.668421
-0.000000 -0.000000 -0.673468
-0.000000 -0.000000 -0.678515
-0.000000 -0.000000 -0.683561
-0.000000 -0.000000 -0.688620
-0.000000 -0.000000 -0.693796
-0.000000 -0.000000 -0.699124
-0.000000 -0.000000 -0.704453
-0.000000 -0.000000 -0.709781
-0.000000 -0.000000 -0.715110
-0.000000 -0.000000 -0.720438
-0.000000 -0.000000 -0.725766
-0.000000 -0.000000 -0.731095
-0.000000 -0.000000 -0.736423
-0.000000 -0.000000 -0.741752
-0.000000 -0.000000 -0.747124
-0.000000 -0.000000 -0.752577
-0.000000 -0.000000 -0.758074
-0.000000 -0.000000 -0.763571
-0.000000 -0.000000 -0.769068
-0.000000 -0.000000 -0.774564
-0.000000 -0.000000 -0.780061
-0.000000 -0.000000 -0.785558
-0.000000 -0.000000 -0.791055
-0.000000 -0.000000 -0.796552
-0.000000 -0.000000 -0.802047
-0.000000 -0.000000 -0.807521
-0.000000 -0.000000 -0.812971
-0.000000 -0.000000 -0.818420
-0.000000 -0.000000 -0.823869
-0.000000 -0.000000 -0.829318
-0.000000 -0.000000 -0.834767
-0.000000 -0.000000 -0.840216
-0.000000 -0.000000 -0.845665
-0.000000 -0.000000 -0.851114
-0.000000 -0.000000 -0.856563
-0.000000 -0.000000 -0.861909
-0.000000 -0.000000 -0.867067
-0.000000 -0.000000 -0.872123
-0.000000 -0.000000 -0.877178
-0.000000 -0.000000 -0.882234
-0.000000 -0.000000 -0.887290
-0.000000 -0.000000 -0.892345
-0.000000 -0.000000 -0.897401
-0.000000 -0.000000 -0.902456
-0.000000 -0.000000 -0.907512
-0.000000 -0.000000 -0.912544
-0.000000 -0.000000 -0.917191
-0.000000 -0.000000 -0.921383
-0.000000 -0.000000 -0.925575
-0.000000 -0.000000 -0.929766
-0.000000 -0.000000 -0.933958
-0.000000 -0.000000 -0.938150
-0.000000 -0.000000 -0.942342
-0.000000 -0.000000 -0.946534
-0.000000 -0.000000 -0.950725
-0.000000 -0.000000 -0.954917
-0.000000 -0.000000 -0.958745
-0.000000 -0.000000 -0.961914
-0.000000 -0.000000 -0.964719
-0.000000 -0.000000 -0.967525
-0.000000 -0.000000 -0.970330
-0.000000 -0.000000 -0.973135
-0.000000 -0.000000 -0.975941
-0.000000 -0.000000 -0.978746
-0.000000 -0.000000 -0.981551
-0.000000 -0.000000 -0.984357
-0.000000 -0.000000 -0.987130
-0.000000 -0.000000 -0.989046
-0.000000 -0.000000 -0.990051
-0.000000 -0.000000 -0.991042
-0.000000 -0.000000 -0.992033
-0.000000 -0.000000 -0.993024
-0.000000 -0.000000 -0.994014
-0.000000 -0.000000 -0.995005
-0.000000 -0.000000 -0.995996
-0.000000 -0.000000 -0.996987
-0.000000 -0.000000 -0.997978
-0.000000 -0.000000 -0.998448
-0.000000 -0.000000 -0.997978
-0.000000 -0.000000 -0.996987
-0.000000 -0.000000 -0.995997
-0.000000 -0.000000 -0.995006
-0.000000 -0.000000 -0.994015
-0.000000 -0.000000 -0.993024
-0.000000 -0.000000 -0.992033
-0.000000 -0.000000 -0.991042
-0.000000 -0.000000 -0.990052
-0.000000 -0.000000 -0.989047
-0.000000 -0.000000 -0.987131
-0.000000 -0.000000 -0.984358
-0.000000 -0.000000 -0.981552
-0.000000 -0.000000 -0.978747
-0.000000 -0.000000 -0.975942
-0.000000 -0.000000 -0.973137
-0.000000 -0.000000 -0.970332
-0.000000 -0.000000 -0.967527
-0.000000 -0.000000 -0.964721
-0.000000 -0.000000 -0.961916
-0.000000 -0.000000 -0.958747
-0.000000 -0.000000 -0.954919
-0.000000 -0.000000 -0.950728
-0.000000 -0.000000 -0.946536
-0.000000 -0.000000 -0.942344
-0.000000 -0.000000 -0.938152
-0.000000 -0.000000 -0.933961
-0.000000 -0.000000 -0.929769
-0.000000 -0.000000 -0.925577
-0.000000 -0.000000 -0.921385
-0.000000 -0.000000 -0.917194
-0.000000 -0.000000 -0.912547
-0.000000 -0.000000 -0.907515
-0.000000 -0.000000 -0.902459
-0.000000 -0.000000 -0.897404
-0.000000 -0.000000 -0.892348
-0.000000 -0.000000 -0.887293
-0.000000 -0.000000 -0.882238
-0.000000 -0.000000 -0.877182
-0.000000 -0.000000 -0.872127
-0.000000 -0.000000 -0.867071
-0.000000 -0.000000 -0.861913
-0.000000 -0.000000 -0.856567
-0.000000 -0.000000 -0.851118
-0.000000 -0.000000 -0.845669
-0.000000 -0.000000 -0.840220
-0.000000 -0.000000 -0.834771
-0.000000 -0.000000 -0.829322
-0.000000 -0.000000 -0.823873
-0.000000 -0.000000 -0.818424
-0.000000 -0.000000 -0.812975
-0.000000 -0.000000 -0.807526
-0.000000 -0.000000 -0.802052
-0.000000 -0.000000 -0.796557
-0.000000 -0.000000 -0.791060
-0.000000 -0.000000 -0.785563
-0.000000 -0.000000 -0.780066
-0.000000 -0.000000 -0.774570
-0.000000 -0.000000 -0.769073
-0.000000 -0.000000 -0.763576
-0.000000 -0.000000 -0.758079
-0.000000 -0.000000 -0.752583
-0.000000 -0.000000 -0.747129
-0.000000 -0.000000 -0.741757
-0.000000 -0.000000 -0.736429
-0.000000 -0.000000 -0.731101
-0.000000 -0.000000 -0.725772
-0.000000 -0.000000 -0.720444
-0.000000 -0.000000 -0.715115
-0.000000 -0.000000 -0.709787
-0.000000 -0.000000 -0.704458
-0.000000 -0.000000 -0.699130
-0.000000 -0.000000 -0.693801
-0.000000 -0.000000 -0.688626
-0.000000 -0.000000 -0.683567
-0.000000 -0.000000 -0.678521
-0.000000 -0.000000 -0.673474
-0.000000 -0.000000 -0.668427
-0.000000 -0.000000 -0.663381
-0.000000 -0.000000 -0.658334
-0.000000 -0.000000 -0.653288
-0.000000 -0.000000 -0.648241
-0.000000 -0.000000 -0.643194
-0.000000 -0.000000 -0.638231
-0.000000 -0.000000 -0.633427
-0.000000 -0.000000 -0.628705
-0.000000 -0.000000 -0.623984
-0.000000 -0.000000 -0.619263
-0.000000 -0.000000 -0.614542
-0.000000 -0.000000 -0.609821
-0.000000 -0.000000 -0.605100
-0.000000 -0.000000 -0.600379
-0.000000 -0.000000 -0.595658
-0.000000 -0.000000 -0.590937
-0.000000 -0.000000 -0.586395
-0.000000 -0.000000 -0.581984
-0.000000 -0.000000 -0.577590
-0.000000 -0.000000 -0.573196
-0.000000 -0.000000 -0.568802
-0.000000 -0.000000 -0.564407
-0.000000 -0.000000 -0.560013
-0.000000 -0.000000 -0.555619
-0.000000 -0.000000 -0.551224
-0.000000 -0.000000 -0.546830
-0.000000 -0.000000 -0.542512
-0.000000 -0.000000 -0.538346
-0.000000 -0.000000 -0.534256
-0.000000 -0.000000 -0.530167
-0.000000 -0.000000 -0.526077
-0.000000 -0.000000 -0.521987
-0.000000 -0.000000 -0.517897
-0.000000 -0.000000 -0.513808
-0.000000 -0.000000 -0.509718
-0.000000 -0.000000 -0.505628
-0.000000 -0.000000 -0.501539
-0.000000 -0.000000 -0.497599
-0.000000 -0.000000 -0.493765
-0.000000 -0.000000 -0.489945
-0.000000 -0.000000 -0.486126
-0.000000 -0.000000 -0.482306
-0.000000 -0.000000 -0.478487
-0.000000 -0.000000 -0.474667
-0.000000 -0.000000 -0.470848
-0.000000 -0.000000 -0.467028
-0.000000 -0.000000 -0.463209
-0.000000 -0.000000 -0.459446
-0.000000 -0.000000 -0.455800
-0.000000 -0.000000 -0.452211
-0.000000 -0.000000 -0.448623
-0.000000 -0.000000 -0.445034
-0.000000 -0.000000 -0.441445
-0.000000 -0.000000 -0.437856
-0.000000 -0.000000 -0.434267
-0.000000 -0.000000 -0.430678
-0.000000 -0.000000 -0.427089
-0.000000 -0.000000 -0.423501
-0.000000 -0.000000 -0.420018
-0.000000 -0.000000 -0.416606
-0.000000 -0.000000 -0.413206
-0.000000 -0.000000 -0.409807
-0.000000 -0.000000 -0.406407
-0.000000 -0.000000 -0.403007
-0.000000 -0.000000 -0.399607
-0.000000 -0.000000 -0.396207
-0.000000 -0.000000 -0.392807
-0.000000 -0.000000 -0.389408
-0.000000 -0.000000 -0.386043
-0.000000 -0.000000 -0.382755
-0.000000 -0.000000 -0.379502
-0.000000 -0.000000 -0.376249
-0.000000 -0.000000 -0.372996
-0.000000 -0.000000 -0.369743
-0.000000 -0.000000 -0.366490
-0.000000 -0.000000 -0.363237
-0.000000 -0.000000 -0.359984
-0.000000 -0.000000 -0.356731
-0.000000 -0.000000 -0.353478
-0.000000 -0.000000 -0.350284
-0.000000 -0.000000 -0.347128
-0.000000 -0.000000 -0.343979
-0.000000 -0.000000 -0.340831
-0.000000 -0.000000 -0.337682
-0.000000 -0.000000 -0.334533
-0.000000 -0.000000 -0.331384
-0.000000 -0.000000 -0.328235
-0.000000 -0.000000 -0.325086
-0.000000 -0.000000 -0.321938
-0.000000 -0.000000 -0.318803
-0.000000 -0.000000 -0.315700
-0.000000 -0.000000 -0.312612
-0.000000 -0.000000 -0.309524
-0.000000 -0.000000 -0.306435
-0.000000 -0.000000 -0.303347
-0.000000 -0.000000 -0.300259
-0.000000 -0.000000 -0.297170
-0.000000 -0.000000 -0.294082
-0.000000 -0.000000 -0.290993
-0.000000 -0.000000 -0.287905
-0.000000 -0.000000 -0.284825
-0.000000 -0.000000 -0.281749
-0.000000 -0.000000 -0.278675
-0.000000 -0.000000 -0.275601
-0.000000 -0.000000 -0.272527
-0.000000 -0.000000 -0.269452
-0.000000 -0.000000 -0.266378
-0.000000 -0.000000 -0.263304
-0.000000 -0.000000 -0.260230
-0.000000 -0.000000 -0.257155
-0.000000 -0.000000 -0.254073
-0.000000 -0.000000 -0.250970
-0.000000 -0.000000 -0.247858
-0.000000 -0.000000 -0.244746
-0.000000 -0.000000 -0.241635
-0.000000 -0.000000 -0.238523
-0.000000 -0.000000 -0.235412
-0.000000 -0.000000 -0.232300
-0.000000 -0.000000 -0.229188
-0.000000 -0.000000 -0.226077
-0.000000 -0.000000 -0.222965
-0.000000 -0.000000 -0.219799
-0.000000 -0.000000 -0.216597
-0.000000 -0.000000 -0.213389
-0.000000 -0.000000 -0.210181
-0.000000 -0.000000 -0.206972
-0.000000 -0.000000 -0.203764
-0.000000 -0.000000 -0.200556
-0.000000 -0.000000 -0.197348
-0.000000 -0.000000 -0.194139
-0.000000 -0.000000 -0.190931
-0.000000 -0.000000 -0.187686
-0.000000 -0.000000 -0.184347
-0.000000 -0.000000 -0.180970
-0.000000 -0.000000 -0.177594
-0.000000 -0.000000 -0.174218
-0.000000 -0.000000 -0.170841
-0.000000 -0.000000 -0.167465
-0.000000 -0.000000 -0.164089
-0.000000 -0.000000 -0.160712
-0.000000 -0.000000 -0.157336
-0.000000 -0.000000 -0.153960
-0.000000 -0.000000 -0.150436
-0.000000 -0.000000 -0.146819
-0.000000 -0.000000 -0.143184
-0.000000 -0.000000 -0.139548
-0.000000 -0.000000 -0.135913
-0.000000 -0.000000 -0.132278
-0.000000 -0.000000 -0.128643
-0.000000 -0.000000 -0.125007
-0.000000 -0.000000 -0.121372
-0.000000 -0.000000 -0.117737
-0.000000 -0.000000 -0.114021
-0.000000 -0.000000 -0.110088
-0.000000 -0.000000 -0.106075
-0.000000 -0.000000 -0.102062
-0.000000 -0.000000 -0.098049
-0.000000 -0.000000 -0.094035
-0.000000 -0.000000 -0.090022
-0.000000 -0.000000 -0.086009
-0.000000 -0.000000 -0.081996
-0.000000 -0.000000 -0.077982
-0.000000 -0.000000 -0.073969
-0.000000 -0.000000 -0.069646
-0.000000 -0.000000 -0.065132
-0.000000 -0.000000 -0.060578
-0.000000 -0.000000 -0.056024
-0.000000 -0.000000 -0.051470
-0.000000 -0.000000 -0.046916
-0.000000 -0.000000 -0.042362
-0.000000 -0.000000 -0.037808
-0.000000 -0.000000 -0.033254
-0.000000 -0.000000 -0.028700
-0.000000 -0.000000 -0.023990
-0.000000 -0.000000 -0.018824
-0.000000 -0.000000 -0.013501
-0.000000 -0.000000 -0.008179
-0.000000 -0.000000 -0.002857
0.000000 0.000000 0.002466
0.000000 0.000000 0.007788
0.000000 0.000000 0.013110
0.000000 0.000000 0.018432
0.000000 0.000000 0.023755
0.000000 0.000000 0.029077
0.000000 0.000000 0.035023
0.000000 0.000000 0.041357
0.000000 0.000000 0.047770
0.000000 0.000000 0.054183
0.000000 0.000000 0.060595
0.000000 0.000000 0.067008
0.000000 0.000000 0.073421
0.000000 0.000000 0.079833
0.000000 0.000000 0.086246
0.000000 0.000000 0.092659
0.000000 0.000000 0.099367
0.000000 0.000000 0.107024
0.000000 0.000000 0.114975
0.000000 0.000000 0.122927
0.000000 0.000000 0.130879
0.000000 0.000000 0.138831
0.000000 0.000000 0.146783
0.000000 0.000000 0.154735
0.000000 0.000000 0.162687
0.000000 0.000000 0.170638
0.000000 0.000000 0.178590
0.000000 0.000000 0.187741
0.000000 0.000000 0.197643
0.000000 0.000000 0.207695
0.000000 0.000000 0.217746
0.000000 0.000000 0.227798
0.000000 0.000000 0.237849
0.000000 0.000000 0.247901
0.000000 0.000000 0.257952
0.000000 0.000000 0.268004
0.000000 0.000000 0.278055
0.000000 0.000000 0.288563
0.000000 0.000000 0.300690
0.000000 0.000000 0.313273
0.000000 0.000000 0.325855
0.000000 0.000000 0.338438
0.000000 0.000000 0.351021
0.000000 0.000000 0.363604
0.000000 0.000000 0.376187
0.000000 0.000000 0.388770
0.000000 0.000000 0.401353
0.000000 0.000000 0.413936
0.000000 0.000000 0.427606
0.000000 0.000000 0.441967
0.000000 0.000000 0.456460
0.000000 0.000000 0.470953
0.000000 0.000000 0.485446
0.000000 0.000000 0.499939
0.000000 0.000000 0.514432
0.000000 0.000000 0.528925
0.000000 0.000000 0.543418
0.000000 0.000000 0.557911
0.000000 0.000000 0.572167
0.000000 0.000000 0.585492
0.000000 0.000000 0.598580
0.000000 0.000000 0.611668
0.000000 0.000000 0.624756
0.000000 0.000000 0.637844
0.000000 0.000000 0.650932
0.000000 0.000000 0.664020
0.000000 0.000000 0.677108
0.000000 0.000000 0.690196
0.000000 0.000000 0.703284
0.000000 0.000000 0.712745
0.000000 0.000000 0.719862
0.000000 0.000000 0.726552
0.000000 0.000000 0.733241
0.000000 0.000000 0.739931
0.000000 0.000000 0.746620
0.000000 0.000000 0.753310
0.000000 0.000000 0.760000
0.000000 0.000000 0.766689
0.000000 0.000000 0.773379
0.000000 0.000000 0.778930
0.000000 0.000000 0.779422
0.000000 0.000000 0.778775
0.000000 0.000000 0.778129
0.000000 0.000000 0.777482
0.000000 0.000000 0.776836
0.000000 0.000000 0.776190
0.000000 0.000000 0.775543
0.000000 0.000000 0.774897
0.000000 0.000000 0.774250
0.000000 0.000000 0.773604
0.000000 0.000000 0.770801
0.000000 0.000000 0.766570
0.000000 0.000000 0.762096
0.000000 0.000000 0.757622
0.000000 0.000000 0.753148
0.000000 0.000000 0.748674
0.000000 0.000000 0.744200
0.000000 0.000000 0.739726
0.000000 0.000000 0.735252
0.000000 0.000000 0.730779
0.000000 0.000000 0.726197
0.000000 0.000000 0.721070
0.000000 0.000000 0.715836
0.000000 0.000000 0.710601
0.000000 0.000000 0.705366
0.000000 0.000000 0.700132
0.000000 0.000000 0.694897
0.000000 0.000000 0.689663
0.000000 0.000000 0.684428
0.000000 0.000000 0.679193
0.000000 0.000000 0.673959
0.000000 0.000000 0.669002
0.000000 0.000000 0.664235
0.000000 0.000000 0.659497
0.000000 0.000000 0.654759
0.000000 0.000000 0.650021
0.000000 0.000000 0.645283
0.000000 0.000000 0.640545
0.000000 0.000000 0.635807
0.000000 0.000000 0.631069
0.000000 0.000000 0.626331
0.000000 0.000000 0.621692
0.000000 0.000000 0.617635
0.000000 0.000000 0.613677
0.000000 0.000000 0.609719
0.000000 0.000000 0.605761
0.000000 0.000000 0.601803
0.000000 0.000000 0.597845
0.000000 0.000000 0.593887
0.000000 0.000000 0.589929
0.000000 0.000000 0.585971
0.000000 0.000000 0.582013
0.000000 0.000000 0.578461
0.000000 0.000000 0.575198
0.000000 0.000000 0.571973
0.000000 0.000000 0.568749
0.000000 0.000000 0.565525
0.000000 0.000000 0.562301
0.000000 0.000000 0.559076
0.000000 0.000000 0.555852
0.000000 0.000000 0.552628
0.000000 0.000000 0.549403
0.000000 0.000000 0.546247
0.000000 0.000000 0.543567
0.000000 0.000000 0.540955
0.000000 0.000000 0.538342
0.000000 0.000000 0.535730
0.000000 0.000000 0.533118
0.000000 0.000000 0.530506
0.000000 0.000000 0.527894
0.000000 0.000000 0.525281
0.000000 0.000000 0.522669
0.000000 0.000000 0.520057
0.000000 0.000000 0.517715
0.000000 0.000000 0.515573
0.000000 0.000000 0.513455
0.000000 0.000000 0.511337
0.000000 0.000000 0.509218
0.000000 0.000000 0.507100
0.000000 0.000000 0.504982
0.000000 0.000000 0.502863
0.000000 0.000000 0.500745
0.000000 0.000000 0.498627
0.000000 0.000000 0.496546
0.000000 0.000000 0.494787
0.000000 0.000000 0.493066
0.000000 0.000000 0.491344
0.000000 0.000000 0.489623
0.000000 0.000000 0.487902
0.000000 0.000000 0.486180
0.000000 0.000000 0.484459
0.000000 0.000000 0.482738
0.000000 0.000000 0.481017
0.000000 0.000000 0.479295
0.000000 0.000000 0.477748
0.000000 0.000000 0.476336
0.000000 0.000000 0.474937
0.000000 0.000000 0.473539
0.000000 0.000000 0.472140
0.000000 0.000000 0.470741
0.000000 0.000000 0.469342
0.000000 0.000000 0.467943
0.000000 0.000000 0.466544
0.000000 0.000000 0.465145
0.000000 0.000000 0.463767
0.000000 0.000000 0.462614
0.000000 0.000000 0.461481
0.000000 0.000000 0.460348
0.000000 0.000000 0.459215
0.000000 0.000000 0.458082
0.000000 0.000000 0.456949
0.000000 0.000000 0.455816
0.000000 0.000000 0.454684
0.000000 0.000000 0.453551
0.000000 0.000000 0.452418
0.000000 0.000000 0.451404
0.000000 0.000000 0.450487
0.000000 0.000000 0.449577
0.000000 0.000000 0.448667
0.000000 0.000000 0.447758
0.000000 0.000000 0.446848
0.000000 0.000000 0.445938
0.000000 0.000000 0.445029
0.000000 0.000000 0.444119
0.000000 0.000000 0.443209
0.000000 0.000000 0.442311
0.000000 0.000000 0.441582
0.000000 0.000000 0.440864
0.000000 0.000000 0.440146
0.000000 0.000000 0.439428
0.000000 0.000000 0.438710
0.000000 0.000000 0.437992
0.000000 0.000000 0.437274
0.000000 0.000000 0.436556
0.000000 0.000000 0.435839
0.000000 0.000000 0.435121
0.000000 0.000000 0.434491
0.000000 0.000000 0.433937
0.000000 0.000000 0.433387
0.000000 0.000000 0.432837
0.000000 0.000000 0.432287
0.000000 0.000000 0.431737
0.000000 0.000000 0.431187
0.000000 0.000000 0.430637
0.000000 0.000000 0.430087
0.000000 0.000000 0.429537
0.000000 0.000000 0.428993
0.000000 0.000000 0.428588
0.000000 0.000000 0.428189
0.000000 0.000000 0.427790
0.000000 0.000000 0.427391
0.000000 0.000000 0.426992
0.000000 0.000000 0.426593
0.000000 0.000000 0.426194
0.000000 0.000000 0.425795
0.000000 0.000000 0.425396
0.000000 0.000000 0.424997
0.000000 0.000000 0.424670
0.000000 0.000000 0.424408
0.000000 0.000000 0.424148
0.000000 0.000000 0.423888
0.000000 0.000000 0.423628
0.000000 0.000000 0.423368
0.000000 0.000000 0.423108
0.000000 0.000000 0.422849
0.000000 0.000000 0.422589
0.000000 0.000000 0.422329
0.000000 0.000000 0.422072
0.000000 0.000000 0.421941
0.000000 0.000000 0.421813
0.000000 0.000000 0.421685
0.000000 0.000000 0.421557
0.000000 0.000000 0.421429
0.000000 0.000000 0.421301
0.000000 0.000000 0.421173
0.000000 0.000000 0.421045
0.000000 0.000000 0.420917
0.000000 0.000000 0.420789
0.000000 0.000000 0.400475
0.000000 0.000000 0.360621
0.000000 0.000000 0.320552
0.000000 0.000000 0.280483
0.000000 0.000000 0.240414
0.000000 0.000000 0.200345
0.000000 0.000000 0.160276
0.000000 0.000000 0.120207
0.000000 0.000000 0.080138
0.000000 0.000000 0.040069
0.000000 0.000000 0.000000
##END
