##TITLE= pre_SPAS3_21000_5040_20_1051_252_240625 
##JCAMP-DX= 5.00 Bruker JCAMP library 
##DATA TYPE= Shape Data 
##ORIGIN= Bruker Analytik GmbH 
##OWNER= <nmrsu> 
##DATE= xx 
##TIME= xx 
##MINX= -1 
##MAXX= 1 
##MINY= -1 
##MAXY= 1 
##$SHAPE_EXMODE= Gradient 
##$SHAPE_TOTROT= 0 
##$SHAPE_BWFAC= 0 
##$SHAPE_INTEGFAC= 0 
##$SHAPE_MODE= 0 
##DURATION= 21 
##DIRECTIONVEC= 0  0  1 
##NPOINTS= 1051 
##XYDATA= (T X Y Z) 
0.000000 0.000000 0.000000
-0.000000 -0.000000 -0.078223
-0.000000 -0.000000 -0.156445
-0.000000 -0.000000 -0.234668
-0.000000 -0.000000 -0.312891
-0.000000 -0.000000 -0.391114
-0.000000 -0.000000 -0.469336
-0.000000 -0.000000 -0.547559
-0.000000 -0.000000 -0.625782
-0.000000 -0.000000 -0.704004
-0.000000 -0.000000 -0.781804
-0.000000 -0.000000 -0.821286
-0.000000 -0.000000 -0.821181
-0.000000 -0.000000 -0.821075
-0.000000 -0.000000 -0.820970
-0.000000 -0.000000 -0.820865
-0.000000 -0.000000 -0.820760
-0.000000 -0.000000 -0.820654
-0.000000 -0.000000 -0.820549
-0.000000 -0.000000 -0.820444
-0.000000 -0.000000 -0.820338
-0.000000 -0.000000 -0.820231
-0.000000 -0.000000 -0.820018
-0.000000 -0.000000 -0.819803
-0.000000 -0.000000 -0.819589
-0.000000 -0.000000 -0.819374
-0.000000 -0.000000 -0.819159
-0.000000 -0.000000 -0.818944
-0.000000 -0.000000 -0.818729
-0.000000 -0.000000 -0.818514
-0.000000 -0.000000 -0.818299
-0.000000 -0.000000 -0.818082
-0.000000 -0.000000 -0.817810
-0.000000 -0.000000 -0.817476
-0.000000 -0.000000 -0.817142
-0.000000 -0.000000 -0.816809
-0.000000 -0.000000 -0.816475
-0.000000 -0.000000 -0.816141
-0.000000 -0.000000 -0.815807
-0.000000 -0.000000 -0.815473
-0.000000 -0.000000 -0.815140
-0.000000 -0.000000 -0.814806
-0.000000 -0.000000 -0.814467
-0.000000 -0.000000 -0.814005
-0.000000 -0.000000 -0.813537
-0.000000 -0.000000 -0.813070
-0.000000 -0.000000 -0.812602
-0.000000 -0.000000 -0.812135
-0.000000 -0.000000 -0.811667
-0.000000 -0.000000 -0.811200
-0.000000 -0.000000 -0.810732
-0.000000 -0.000000 -0.810264
-0.000000 -0.000000 -0.809793
-0.000000 -0.000000 -0.809251
-0.000000 -0.000000 -0.808627
-0.000000 -0.000000 -0.808004
-0.000000 -0.000000 -0.807380
-0.000000 -0.000000 -0.806756
-0.000000 -0.000000 -0.806132
-0.000000 -0.000000 -0.805508
-0.000000 -0.000000 -0.804884
-0.000000 -0.000000 -0.804260
-0.000000 -0.000000 -0.803637
-0.000000 -0.000000 -0.803002
-0.000000 -0.000000 -0.802200
-0.000000 -0.000000 -0.801388
-0.000000 -0.000000 -0.800576
-0.000000 -0.000000 -0.799763
-0.000000 -0.000000 -0.798951
-0.000000 -0.000000 -0.798138
-0.000000 -0.000000 -0.797326
-0.000000 -0.000000 -0.796514
-0.000000 -0.000000 -0.795701
-0.000000 -0.000000 -0.794881
-0.000000 -0.000000 -0.793959
-0.000000 -0.000000 -0.792911
-0.000000 -0.000000 -0.791864
-0.000000 -0.000000 -0.790816
-0.000000 -0.000000 -0.789768
-0.000000 -0.000000 -0.788721
-0.000000 -0.000000 -0.787673
-0.000000 -0.000000 -0.786625
-0.000000 -0.000000 -0.785578
-0.000000 -0.000000 -0.784530
-0.000000 -0.000000 -0.783459
-0.000000 -0.000000 -0.782132
-0.000000 -0.000000 -0.780782
-0.000000 -0.000000 -0.779431
-0.000000 -0.000000 -0.778081
-0.000000 -0.000000 -0.776731
-0.000000 -0.000000 -0.775380
-0.000000 -0.000000 -0.774030
-0.000000 -0.000000 -0.772679
-0.000000 -0.000000 -0.771329
-0.000000 -0.000000 -0.769962
-0.000000 -0.000000 -0.768427
-0.000000 -0.000000 -0.766674
-0.000000 -0.000000 -0.764922
-0.000000 -0.000000 -0.763169
-0.000000 -0.000000 -0.761417
-0.000000 -0.000000 -0.759664
-0.000000 -0.000000 -0.757911
-0.000000 -0.000000 -0.756159
-0.000000 -0.000000 -0.754406
-0.000000 -0.000000 -0.752653
-0.000000 -0.000000 -0.750849
-0.000000 -0.000000 -0.748596
-0.000000 -0.000000 -0.746290
-0.000000 -0.000000 -0.743985
-0.000000 -0.000000 -0.741680
-0.000000 -0.000000 -0.739374
-0.000000 -0.000000 -0.737069
-0.000000 -0.000000 -0.734764
-0.000000 -0.000000 -0.732458
-0.000000 -0.000000 -0.730153
-0.000000 -0.000000 -0.727810
-0.000000 -0.000000 -0.725150
-0.000000 -0.000000 -0.722059
-0.000000 -0.000000 -0.718968
-0.000000 -0.000000 -0.715877
-0.000000 -0.000000 -0.712786
-0.000000 -0.000000 -0.709695
-0.000000 -0.000000 -0.706604
-0.000000 -0.000000 -0.703513
-0.000000 -0.000000 -0.700422
-0.000000 -0.000000 -0.697331
-0.000000 -0.000000 -0.694112
-0.000000 -0.000000 -0.689992
-0.000000 -0.000000 -0.685744
-0.000000 -0.000000 -0.681495
-0.000000 -0.000000 -0.677247
-0.000000 -0.000000 -0.672998
-0.000000 -0.000000 -0.668750
-0.000000 -0.000000 -0.664501
-0.000000 -0.000000 -0.660253
-0.000000 -0.000000 -0.656004
-0.000000 -0.000000 -0.651661
-0.000000 -0.000000 -0.646624
-0.000000 -0.000000 -0.640608
-0.000000 -0.000000 -0.634593
-0.000000 -0.000000 -0.628577
-0.000000 -0.000000 -0.622561
-0.000000 -0.000000 -0.616545
-0.000000 -0.000000 -0.610530
-0.000000 -0.000000 -0.604514
-0.000000 -0.000000 -0.598498
-0.000000 -0.000000 -0.592483
-0.000000 -0.000000 -0.586116
-0.000000 -0.000000 -0.577676
-0.000000 -0.000000 -0.568884
-0.000000 -0.000000 -0.560093
-0.000000 -0.000000 -0.551302
-0.000000 -0.000000 -0.542510
-0.000000 -0.000000 -0.533719
-0.000000 -0.000000 -0.524928
-0.000000 -0.000000 -0.516136
-0.000000 -0.000000 -0.507345
-0.000000 -0.000000 -0.498296
-0.000000 -0.000000 -0.487577
-0.000000 -0.000000 -0.474415
-0.000000 -0.000000 -0.461253
-0.000000 -0.000000 -0.448091
-0.000000 -0.000000 -0.434930
-0.000000 -0.000000 -0.421768
-0.000000 -0.000000 -0.408606
-0.000000 -0.000000 -0.395444
-0.000000 -0.000000 -0.382282
-0.000000 -0.000000 -0.369121
-0.000000 -0.000000 -0.355054
-0.000000 -0.000000 -0.336392
-0.000000 -0.000000 -0.316825
-0.000000 -0.000000 -0.297258
-0.000000 -0.000000 -0.277691
-0.000000 -0.000000 -0.258123
-0.000000 -0.000000 -0.238556
-0.000000 -0.000000 -0.218989
-0.000000 -0.000000 -0.199422
-0.000000 -0.000000 -0.179855
-0.000000 -0.000000 -0.159836
-0.000000 -0.000000 -0.137153
-0.000000 -0.000000 -0.110449
-0.000000 -0.000000 -0.083745
-0.000000 -0.000000 -0.057041
-0.000000 -0.000000 -0.030337
-0.000000 -0.000000 -0.003633
0.000000 0.000000 0.023071
0.000000 0.000000 0.049776
0.000000 0.000000 0.076480
0.000000 0.000000 0.103184
0.000000 0.000000 0.130316
0.000000 0.000000 0.159352
0.000000 0.000000 0.188816
0.000000 0.000000 0.218281
0.000000 0.000000 0.247745
0.000000 0.000000 0.277209
0.000000 0.000000 0.306674
0.000000 0.000000 0.336138
0.000000 0.000000 0.365602
0.000000 0.000000 0.395067
0.000000 0.000000 0.424162
0.000000 0.000000 0.451230
0.000000 0.000000 0.475163
0.000000 0.000000 0.499096
0.000000 0.000000 0.523029
0.000000 0.000000 0.546962
0.000000 0.000000 0.570895
0.000000 0.000000 0.594828
0.000000 0.000000 0.618761
0.000000 0.000000 0.642694
0.000000 0.000000 0.666628
0.000000 0.000000 0.689032
0.000000 0.000000 0.705404
0.000000 0.000000 0.720247
0.000000 0.000000 0.735090
0.000000 0.000000 0.749933
0.000000 0.000000 0.764776
0.000000 0.000000 0.779619
0.000000 0.000000 0.794462
0.000000 0.000000 0.809305
0.000000 0.000000 0.824149
0.000000 0.000000 0.838510
0.000000 0.000000 0.850367
0.000000 0.000000 0.858273
0.000000 0.000000 0.866180
0.000000 0.000000 0.874087
0.000000 0.000000 0.881994
0.000000 0.000000 0.889901
0.000000 0.000000 0.897808
0.000000 0.000000 0.905715
0.000000 0.000000 0.913622
0.000000 0.000000 0.921528
0.000000 0.000000 0.928720
0.000000 0.000000 0.933373
0.000000 0.000000 0.937311
0.000000 0.000000 0.941249
0.000000 0.000000 0.945187
0.000000 0.000000 0.949125
0.000000 0.000000 0.953063
0.000000 0.000000 0.957001
0.000000 0.000000 0.960939
0.000000 0.000000 0.964877
0.000000 0.000000 0.968667
0.000000 0.000000 0.971712
0.000000 0.000000 0.973568
0.000000 0.000000 0.975424
0.000000 0.000000 0.977280
0.000000 0.000000 0.979136
0.000000 0.000000 0.980992
0.000000 0.000000 0.982848
0.000000 0.000000 0.984704
0.000000 0.000000 0.986560
0.000000 0.000000 0.988416
0.000000 0.000000 0.990062
0.000000 0.000000 0.991035
0.000000 0.000000 0.991799
0.000000 0.000000 0.992562
0.000000 0.000000 0.993326
0.000000 0.000000 0.994089
0.000000 0.000000 0.994853
0.000000 0.000000 0.995616
0.000000 0.000000 0.996380
0.000000 0.000000 0.997143
0.000000 0.000000 0.997864
0.000000 0.000000 0.998373
0.000000 0.000000 0.998543
0.000000 0.000000 0.998713
0.000000 0.000000 0.998882
0.000000 0.000000 0.999052
0.000000 0.000000 0.999221
0.000000 0.000000 0.999391
0.000000 0.000000 0.999560
0.000000 0.000000 0.999730
0.000000 0.000000 0.999899
0.000000 0.000000 1.000000
0.000000 0.000000 0.999898
0.000000 0.000000 0.999727
0.000000 0.000000 0.999556
0.000000 0.000000 0.999385
0.000000 0.000000 0.999214
0.000000 0.000000 0.999043
0.000000 0.000000 0.998872
0.000000 0.000000 0.998701
0.000000 0.000000 0.998530
0.000000 0.000000 0.998344
0.000000 0.000000 0.998083
0.000000 0.000000 0.997702
0.000000 0.000000 0.997322
0.000000 0.000000 0.996941
0.000000 0.000000 0.996561
0.000000 0.000000 0.996180
0.000000 0.000000 0.995800
0.000000 0.000000 0.995419
0.000000 0.000000 0.995038
0.000000 0.000000 0.994658
0.000000 0.000000 0.994247
0.000000 0.000000 0.993755
0.000000 0.000000 0.993232
0.000000 0.000000 0.992710
0.000000 0.000000 0.992188
0.000000 0.000000 0.991665
0.000000 0.000000 0.991143
0.000000 0.000000 0.990621
0.000000 0.000000 0.990098
0.000000 0.000000 0.989576
0.000000 0.000000 0.989046
0.000000 0.000000 0.988477
0.000000 0.000000 0.987847
0.000000 0.000000 0.987216
0.000000 0.000000 0.986585
0.000000 0.000000 0.985955
0.000000 0.000000 0.985324
0.000000 0.000000 0.984694
0.000000 0.000000 0.984063
0.000000 0.000000 0.983433
0.000000 0.000000 0.982802
0.000000 0.000000 0.982151
0.000000 0.000000 0.981447
0.000000 0.000000 0.980722
0.000000 0.000000 0.979997
0.000000 0.000000 0.979272
0.000000 0.000000 0.978547
0.000000 0.000000 0.977822
0.000000 0.000000 0.977098
0.000000 0.000000 0.976373
0.000000 0.000000 0.975648
0.000000 0.000000 0.974916
0.000000 0.000000 0.974152
0.000000 0.000000 0.973334
0.000000 0.000000 0.972516
0.000000 0.000000 0.971698
0.000000 0.000000 0.970881
0.000000 0.000000 0.970063
0.000000 0.000000 0.969245
0.000000 0.000000 0.968427
0.000000 0.000000 0.967610
0.000000 0.000000 0.966792
0.000000 0.000000 0.965951
0.000000 0.000000 0.965056
0.000000 0.000000 0.964138
0.000000 0.000000 0.963220
0.000000 0.000000 0.962302
0.000000 0.000000 0.961384
0.000000 0.000000 0.960465
0.000000 0.000000 0.959547
0.000000 0.000000 0.958629
0.000000 0.000000 0.957711
0.000000 0.000000 0.956785
0.000000 0.000000 0.955817
0.000000 0.000000 0.954784
0.000000 0.000000 0.953751
0.000000 0.000000 0.952718
0.000000 0.000000 0.951685
0.000000 0.000000 0.950651
0.000000 0.000000 0.949618
0.000000 0.000000 0.948585
0.000000 0.000000 0.947552
0.000000 0.000000 0.946519
0.000000 0.000000 0.945453
0.000000 0.000000 0.944315
0.000000 0.000000 0.943145
0.000000 0.000000 0.941975
0.000000 0.000000 0.940805
0.000000 0.000000 0.939635
0.000000 0.000000 0.938465
0.000000 0.000000 0.937295
0.000000 0.000000 0.936125
0.000000 0.000000 0.934955
0.000000 0.000000 0.933774
0.000000 0.000000 0.932531
0.000000 0.000000 0.931195
0.000000 0.000000 0.929858
0.000000 0.000000 0.928522
0.000000 0.000000 0.927185
0.000000 0.000000 0.925849
0.000000 0.000000 0.924512
0.000000 0.000000 0.923176
0.000000 0.000000 0.921839
0.000000 0.000000 0.920503
0.000000 0.000000 0.919116
0.000000 0.000000 0.917624
0.000000 0.000000 0.916082
0.000000 0.000000 0.914540
0.000000 0.000000 0.912998
0.000000 0.000000 0.911457
0.000000 0.000000 0.909915
0.000000 0.000000 0.908373
0.000000 0.000000 0.906831
0.000000 0.000000 0.905289
0.000000 0.000000 0.903732
0.000000 0.000000 0.902077
0.000000 0.000000 0.900280
0.000000 0.000000 0.898482
0.000000 0.000000 0.896685
0.000000 0.000000 0.894888
0.000000 0.000000 0.893090
0.000000 0.000000 0.891293
0.000000 0.000000 0.889495
0.000000 0.000000 0.887698
0.000000 0.000000 0.885900
0.000000 0.000000 0.884023
0.000000 0.000000 0.881985
0.000000 0.000000 0.879866
0.000000 0.000000 0.877748
0.000000 0.000000 0.875630
0.000000 0.000000 0.873512
0.000000 0.000000 0.871393
0.000000 0.000000 0.869275
0.000000 0.000000 0.867157
0.000000 0.000000 0.865039
0.000000 0.000000 0.862898
0.000000 0.000000 0.860600
0.000000 0.000000 0.858078
0.000000 0.000000 0.855555
0.000000 0.000000 0.853033
0.000000 0.000000 0.850511
0.000000 0.000000 0.847988
0.000000 0.000000 0.845466
0.000000 0.000000 0.842943
0.000000 0.000000 0.840421
0.000000 0.000000 0.837899
0.000000 0.000000 0.835247
0.000000 0.000000 0.832342
0.000000 0.000000 0.829308
0.000000 0.000000 0.826273
0.000000 0.000000 0.823239
0.000000 0.000000 0.820205
0.000000 0.000000 0.817171
0.000000 0.000000 0.814136
0.000000 0.000000 0.811102
0.000000 0.000000 0.808068
0.000000 0.000000 0.805002
0.000000 0.000000 0.801675
0.000000 0.000000 0.797993
0.000000 0.000000 0.794310
0.000000 0.000000 0.790628
0.000000 0.000000 0.786946
0.000000 0.000000 0.783263
0.000000 0.000000 0.779581
0.000000 0.000000 0.775898
0.000000 0.000000 0.772216
0.000000 0.000000 0.768533
0.000000 0.000000 0.764641
0.000000 0.000000 0.760350
0.000000 0.000000 0.755849
0.000000 0.000000 0.751348
0.000000 0.000000 0.746848
0.000000 0.000000 0.742347
0.000000 0.000000 0.737846
0.000000 0.000000 0.733345
0.000000 0.000000 0.728844
0.000000 0.000000 0.724344
0.000000 0.000000 0.719799
0.000000 0.000000 0.714831
0.000000 0.000000 0.709308
0.000000 0.000000 0.703785
0.000000 0.000000 0.698262
0.000000 0.000000 0.692739
0.000000 0.000000 0.687216
0.000000 0.000000 0.681693
0.000000 0.000000 0.676170
0.000000 0.000000 0.670648
0.000000 0.000000 0.665125
0.000000 0.000000 0.659278
0.000000 0.000000 0.652829
0.000000 0.000000 0.646056
0.000000 0.000000 0.639283
0.000000 0.000000 0.632510
0.000000 0.000000 0.625737
0.000000 0.000000 0.618964
0.000000 0.000000 0.612191
0.000000 0.000000 0.605418
0.000000 0.000000 0.598645
0.000000 0.000000 0.591821
0.000000 0.000000 0.584364
0.000000 0.000000 0.576119
0.000000 0.000000 0.567875
0.000000 0.000000 0.559631
0.000000 0.000000 0.551387
0.000000 0.000000 0.543142
0.000000 0.000000 0.534898
0.000000 0.000000 0.526654
0.000000 0.000000 0.518410
0.000000 0.000000 0.510165
0.000000 0.000000 0.501497
0.000000 0.000000 0.492051
0.000000 0.000000 0.482182
0.000000 0.000000 0.472312
0.000000 0.000000 0.462442
0.000000 0.000000 0.452573
0.000000 0.000000 0.442703
0.000000 0.000000 0.432833
0.000000 0.000000 0.422964
0.000000 0.000000 0.413094
0.000000 0.000000 0.403181
0.000000 0.000000 0.392546
0.000000 0.000000 0.381059
0.000000 0.000000 0.369573
0.000000 0.000000 0.358086
0.000000 0.000000 0.346599
0.000000 0.000000 0.335113
0.000000 0.000000 0.323626
0.000000 0.000000 0.312139
0.000000 0.000000 0.300653
0.000000 0.000000 0.289166
0.000000 0.000000 0.277326
0.000000 0.000000 0.264845
0.000000 0.000000 0.252011
0.000000 0.000000 0.239177
0.000000 0.000000 0.226343
0.000000 0.000000 0.213509
0.000000 0.000000 0.200675
0.000000 0.000000 0.187841
0.000000 0.000000 0.175006
0.000000 0.000000 0.162172
0.000000 0.000000 0.149324
0.000000 0.000000 0.136109
0.000000 0.000000 0.122504
0.000000 0.000000 0.108892
0.000000 0.000000 0.095280
0.000000 0.000000 0.081668
0.000000 0.000000 0.068057
0.000000 0.000000 0.054445
0.000000 0.000000 0.040833
0.000000 0.000000 0.027222
0.000000 0.000000 0.013610
-0.000000 -0.000000 -0.000002
-0.000000 -0.000000 -0.013613
-0.000000 -0.000000 -0.027225
-0.000000 -0.000000 -0.040836
-0.000000 -0.000000 -0.054448
-0.000000 -0.000000 -0.068059
-0.000000 -0.000000 -0.081671
-0.000000 -0.000000 -0.095282
-0.000000 -0.000000 -0.108894
-0.000000 -0.000000 -0.122505
-0.000000 -0.000000 -0.136111
-0.000000 -0.000000 -0.149326
-0.000000 -0.000000 -0.162174
-0.000000 -0.000000 -0.175008
-0.000000 -0.000000 -0.187842
-0.000000 -0.000000 -0.200676
-0.000000 -0.000000 -0.213510
-0.000000 -0.000000 -0.226344
-0.000000 -0.000000 -0.239178
-0.000000 -0.000000 -0.252012
-0.000000 -0.000000 -0.264846
-0.000000 -0.000000 -0.277326
-0.000000 -0.000000 -0.289166
-0.000000 -0.000000 -0.300653
-0.000000 -0.000000 -0.312140
-0.000000 -0.000000 -0.323627
-0.000000 -0.000000 -0.335113
-0.000000 -0.000000 -0.346600
-0.000000 -0.000000 -0.358087
-0.000000 -0.000000 -0.369574
-0.000000 -0.000000 -0.381060
-0.000000 -0.000000 -0.392547
-0.000000 -0.000000 -0.403182
-0.000000 -0.000000 -0.413095
-0.000000 -0.000000 -0.422964
-0.000000 -0.000000 -0.432834
-0.000000 -0.000000 -0.442703
-0.000000 -0.000000 -0.452573
-0.000000 -0.000000 -0.462442
-0.000000 -0.000000 -0.472312
-0.000000 -0.000000 -0.482181
-0.000000 -0.000000 -0.492051
-0.000000 -0.000000 -0.501496
-0.000000 -0.000000 -0.510165
-0.000000 -0.000000 -0.518409
-0.000000 -0.000000 -0.526653
-0.000000 -0.000000 -0.534898
-0.000000 -0.000000 -0.543142
-0.000000 -0.000000 -0.551386
-0.000000 -0.000000 -0.559630
-0.000000 -0.000000 -0.567875
-0.000000 -0.000000 -0.576119
-0.000000 -0.000000 -0.584363
-0.000000 -0.000000 -0.591820
-0.000000 -0.000000 -0.598645
-0.000000 -0.000000 -0.605418
-0.000000 -0.000000 -0.612191
-0.000000 -0.000000 -0.618963
-0.000000 -0.000000 -0.625736
-0.000000 -0.000000 -0.632509
-0.000000 -0.000000 -0.639282
-0.000000 -0.000000 -0.646055
-0.000000 -0.000000 -0.652828
-0.000000 -0.000000 -0.659277
-0.000000 -0.000000 -0.665124
-0.000000 -0.000000 -0.670647
-0.000000 -0.000000 -0.676170
-0.000000 -0.000000 -0.681693
-0.000000 -0.000000 -0.687216
-0.000000 -0.000000 -0.692739
-0.000000 -0.000000 -0.698262
-0.000000 -0.000000 -0.703785
-0.000000 -0.000000 -0.709308
-0.000000 -0.000000 -0.714831
-0.000000 -0.000000 -0.719799
-0.000000 -0.000000 -0.724343
-0.000000 -0.000000 -0.728844
-0.000000 -0.000000 -0.733345
-0.000000 -0.000000 -0.737845
-0.000000 -0.000000 -0.742346
-0.000000 -0.000000 -0.746847
-0.000000 -0.000000 -0.751347
-0.000000 -0.000000 -0.755848
-0.000000 -0.000000 -0.760349
-0.000000 -0.000000 -0.764640
-0.000000 -0.000000 -0.768532
-0.000000 -0.000000 -0.772215
-0.000000 -0.000000 -0.775897
-0.000000 -0.000000 -0.779579
-0.000000 -0.000000 -0.783262
-0.000000 -0.000000 -0.786944
-0.000000 -0.000000 -0.790627
-0.000000 -0.000000 -0.794309
-0.000000 -0.000000 -0.797992
-0.000000 -0.000000 -0.801674
-0.000000 -0.000000 -0.805001
-0.000000 -0.000000 -0.808067
-0.000000 -0.000000 -0.811101
-0.000000 -0.000000 -0.814135
-0.000000 -0.000000 -0.817170
-0.000000 -0.000000 -0.820204
-0.000000 -0.000000 -0.823238
-0.000000 -0.000000 -0.826272
-0.000000 -0.000000 -0.829307
-0.000000 -0.000000 -0.832341
-0.000000 -0.000000 -0.835246
-0.000000 -0.000000 -0.837898
-0.000000 -0.000000 -0.840420
-0.000000 -0.000000 -0.842943
-0.000000 -0.000000 -0.845465
-0.000000 -0.000000 -0.847987
-0.000000 -0.000000 -0.850510
-0.000000 -0.000000 -0.853032
-0.000000 -0.000000 -0.855555
-0.000000 -0.000000 -0.858077
-0.000000 -0.000000 -0.860600
-0.000000 -0.000000 -0.862898
-0.000000 -0.000000 -0.865038
-0.000000 -0.000000 -0.867156
-0.000000 -0.000000 -0.869275
-0.000000 -0.000000 -0.871393
-0.000000 -0.000000 -0.873511
-0.000000 -0.000000 -0.875629
-0.000000 -0.000000 -0.877747
-0.000000 -0.000000 -0.879865
-0.000000 -0.000000 -0.881984
-0.000000 -0.000000 -0.884022
-0.000000 -0.000000 -0.885899
-0.000000 -0.000000 -0.887697
-0.000000 -0.000000 -0.889494
-0.000000 -0.000000 -0.891292
-0.000000 -0.000000 -0.893089
-0.000000 -0.000000 -0.894887
-0.000000 -0.000000 -0.896685
-0.000000 -0.000000 -0.898482
-0.000000 -0.000000 -0.900280
-0.000000 -0.000000 -0.902077
-0.000000 -0.000000 -0.903732
-0.000000 -0.000000 -0.905289
-0.000000 -0.000000 -0.906831
-0.000000 -0.000000 -0.908373
-0.000000 -0.000000 -0.909915
-0.000000 -0.000000 -0.911456
-0.000000 -0.000000 -0.912998
-0.000000 -0.000000 -0.914540
-0.000000 -0.000000 -0.916082
-0.000000 -0.000000 -0.917624
-0.000000 -0.000000 -0.919116
-0.000000 -0.000000 -0.920503
-0.000000 -0.000000 -0.921839
-0.000000 -0.000000 -0.923176
-0.000000 -0.000000 -0.924512
-0.000000 -0.000000 -0.925849
-0.000000 -0.000000 -0.927185
-0.000000 -0.000000 -0.928522
-0.000000 -0.000000 -0.929859
-0.000000 -0.000000 -0.931195
-0.000000 -0.000000 -0.932532
-0.000000 -0.000000 -0.933774
-0.000000 -0.000000 -0.934955
-0.000000 -0.000000 -0.936125
-0.000000 -0.000000 -0.937295
-0.000000 -0.000000 -0.938465
-0.000000 -0.000000 -0.939636
-0.000000 -0.000000 -0.940806
-0.000000 -0.000000 -0.941976
-0.000000 -0.000000 -0.943146
-0.000000 -0.000000 -0.944316
-0.000000 -0.000000 -0.945454
-0.000000 -0.000000 -0.946519
-0.000000 -0.000000 -0.947552
-0.000000 -0.000000 -0.948586
-0.000000 -0.000000 -0.949619
-0.000000 -0.000000 -0.950652
-0.000000 -0.000000 -0.951685
-0.000000 -0.000000 -0.952718
-0.000000 -0.000000 -0.953752
-0.000000 -0.000000 -0.954785
-0.000000 -0.000000 -0.955818
-0.000000 -0.000000 -0.956786
-0.000000 -0.000000 -0.957712
-0.000000 -0.000000 -0.958630
-0.000000 -0.000000 -0.959548
-0.000000 -0.000000 -0.960466
-0.000000 -0.000000 -0.961384
-0.000000 -0.000000 -0.962302
-0.000000 -0.000000 -0.963220
-0.000000 -0.000000 -0.964138
-0.000000 -0.000000 -0.965056
-0.000000 -0.000000 -0.965951
-0.000000 -0.000000 -0.966792
-0.000000 -0.000000 -0.967610
-0.000000 -0.000000 -0.968427
-0.000000 -0.000000 -0.969245
-0.000000 -0.000000 -0.970063
-0.000000 -0.000000 -0.970881
-0.000000 -0.000000 -0.971698
-0.000000 -0.000000 -0.972516
-0.000000 -0.000000 -0.973334
-0.000000 -0.000000 -0.974152
-0.000000 -0.000000 -0.974917
-0.000000 -0.000000 -0.975648
-0.000000 -0.000000 -0.976373
-0.000000 -0.000000 -0.977098
-0.000000 -0.000000 -0.977823
-0.000000 -0.000000 -0.978547
-0.000000 -0.000000 -0.979272
-0.000000 -0.000000 -0.979997
-0.000000 -0.000000 -0.980722
-0.000000 -0.000000 -0.981447
-0.000000 -0.000000 -0.982151
-0.000000 -0.000000 -0.982802
-0.000000 -0.000000 -0.983433
-0.000000 -0.000000 -0.984063
-0.000000 -0.000000 -0.984694
-0.000000 -0.000000 -0.985324
-0.000000 -0.000000 -0.985955
-0.000000 -0.000000 -0.986585
-0.000000 -0.000000 -0.987216
-0.000000 -0.000000 -0.987846
-0.000000 -0.000000 -0.988477
-0.000000 -0.000000 -0.989046
-0.000000 -0.000000 -0.989576
-0.000000 -0.000000 -0.990098
-0.000000 -0.000000 -0.990621
-0.000000 -0.000000 -0.991143
-0.000000 -0.000000 -0.991665
-0.000000 -0.000000 -0.992188
-0.000000 -0.000000 -0.992710
-0.000000 -0.000000 -0.993232
-0.000000 -0.000000 -0.993755
-0.000000 -0.000000 -0.994247
-0.000000 -0.000000 -0.994658
-0.000000 -0.000000 -0.995038
-0.000000 -0.000000 -0.995419
-0.000000 -0.000000 -0.995799
-0.000000 -0.000000 -0.996180
-0.000000 -0.000000 -0.996561
-0.000000 -0.000000 -0.996941
-0.000000 -0.000000 -0.997322
-0.000000 -0.000000 -0.997702
-0.000000 -0.000000 -0.998083
-0.000000 -0.000000 -0.998344
-0.000000 -0.000000 -0.998530
-0.000000 -0.000000 -0.998701
-0.000000 -0.000000 -0.998872
-0.000000 -0.000000 -0.999043
-0.000000 -0.000000 -0.999214
-0.000000 -0.000000 -0.999385
-0.000000 -0.000000 -0.999556
-0.000000 -0.000000 -0.999727
-0.000000 -0.000000 -0.999898
-0.000000 -0.000000 -1.000000
-0.000000 -0.000000 -0.999899
-0.000000 -0.000000 -0.999730
-0.000000 -0.000000 -0.999560
-0.000000 -0.000000 -0.999391
-0.000000 -0.000000 -0.999221
-0.000000 -0.000000 -0.999052
-0.000000 -0.000000 -0.998882
-0.000000 -0.000000 -0.998713
-0.000000 -0.000000 -0.998543
-0.000000 -0.000000 -0.998373
-0.000000 -0.000000 -0.997864
-0.000000 -0.000000 -0.997143
-0.000000 -0.000000 -0.996380
-0.000000 -0.000000 -0.995616
-0.000000 -0.000000 -0.994853
-0.000000 -0.000000 -0.994089
-0.000000 -0.000000 -0.993326
-0.000000 -0.000000 -0.992563
-0.000000 -0.000000 -0.991799
-0.000000 -0.000000 -0.991036
-0.000000 -0.000000 -0.990063
-0.000000 -0.000000 -0.988416
-0.000000 -0.000000 -0.986560
-0.000000 -0.000000 -0.984704
-0.000000 -0.000000 -0.982848
-0.000000 -0.000000 -0.980992
-0.000000 -0.000000 -0.979136
-0.000000 -0.000000 -0.977280
-0.000000 -0.000000 -0.975424
-0.000000 -0.000000 -0.973568
-0.000000 -0.000000 -0.971712
-0.000000 -0.000000 -0.968667
-0.000000 -0.000000 -0.964877
-0.000000 -0.000000 -0.960939
-0.000000 -0.000000 -0.957001
-0.000000 -0.000000 -0.953063
-0.000000 -0.000000 -0.949125
-0.000000 -0.000000 -0.945187
-0.000000 -0.000000 -0.941249
-0.000000 -0.000000 -0.937311
-0.000000 -0.000000 -0.933373
-0.000000 -0.000000 -0.928719
-0.000000 -0.000000 -0.921528
-0.000000 -0.000000 -0.913621
-0.000000 -0.000000 -0.905714
-0.000000 -0.000000 -0.897808
-0.000000 -0.000000 -0.889901
-0.000000 -0.000000 -0.881994
-0.000000 -0.000000 -0.874087
-0.000000 -0.000000 -0.866180
-0.000000 -0.000000 -0.858273
-0.000000 -0.000000 -0.850366
-0.000000 -0.000000 -0.838510
-0.000000 -0.000000 -0.824148
-0.000000 -0.000000 -0.809305
-0.000000 -0.000000 -0.794461
-0.000000 -0.000000 -0.779618
-0.000000 -0.000000 -0.764775
-0.000000 -0.000000 -0.749931
-0.000000 -0.000000 -0.735088
-0.000000 -0.000000 -0.720245
-0.000000 -0.000000 -0.705401
-0.000000 -0.000000 -0.689029
-0.000000 -0.000000 -0.666625
-0.000000 -0.000000 -0.642692
-0.000000 -0.000000 -0.618759
-0.000000 -0.000000 -0.594826
-0.000000 -0.000000 -0.570893
-0.000000 -0.000000 -0.546960
-0.000000 -0.000000 -0.523027
-0.000000 -0.000000 -0.499093
-0.000000 -0.000000 -0.475160
-0.000000 -0.000000 -0.451227
-0.000000 -0.000000 -0.424159
-0.000000 -0.000000 -0.395064
-0.000000 -0.000000 -0.365600
-0.000000 -0.000000 -0.336136
-0.000000 -0.000000 -0.306672
-0.000000 -0.000000 -0.277207
-0.000000 -0.000000 -0.247743
-0.000000 -0.000000 -0.218279
-0.000000 -0.000000 -0.188814
-0.000000 -0.000000 -0.159350
-0.000000 -0.000000 -0.130314
-0.000000 -0.000000 -0.103182
-0.000000 -0.000000 -0.076478
-0.000000 -0.000000 -0.049775
-0.000000 -0.000000 -0.023071
0.000000 0.000000 0.003633
0.000000 0.000000 0.030337
0.000000 0.000000 0.057040
0.000000 0.000000 0.083744
0.000000 0.000000 0.110448
0.000000 0.000000 0.137152
0.000000 0.000000 0.159835
0.000000 0.000000 0.179854
0.000000 0.000000 0.199421
0.000000 0.000000 0.218988
0.000000 0.000000 0.238554
0.000000 0.000000 0.258121
0.000000 0.000000 0.277688
0.000000 0.000000 0.297255
0.000000 0.000000 0.316822
0.000000 0.000000 0.336389
0.000000 0.000000 0.355051
0.000000 0.000000 0.369117
0.000000 0.000000 0.382279
0.000000 0.000000 0.395441
0.000000 0.000000 0.408603
0.000000 0.000000 0.421764
0.000000 0.000000 0.434926
0.000000 0.000000 0.448088
0.000000 0.000000 0.461249
0.000000 0.000000 0.474411
0.000000 0.000000 0.487573
0.000000 0.000000 0.498291
0.000000 0.000000 0.507341
0.000000 0.000000 0.516132
0.000000 0.000000 0.524924
0.000000 0.000000 0.533715
0.000000 0.000000 0.542507
0.000000 0.000000 0.551298
0.000000 0.000000 0.560090
0.000000 0.000000 0.568881
0.000000 0.000000 0.577673
0.000000 0.000000 0.586113
0.000000 0.000000 0.592480
0.000000 0.000000 0.598496
0.000000 0.000000 0.604512
0.000000 0.000000 0.610528
0.000000 0.000000 0.616544
0.000000 0.000000 0.622560
0.000000 0.000000 0.628575
0.000000 0.000000 0.634591
0.000000 0.000000 0.640607
0.000000 0.000000 0.646623
0.000000 0.000000 0.651660
0.000000 0.000000 0.656004
0.000000 0.000000 0.660252
0.000000 0.000000 0.664501
0.000000 0.000000 0.668749
0.000000 0.000000 0.672998
0.000000 0.000000 0.677246
0.000000 0.000000 0.681495
0.000000 0.000000 0.685743
0.000000 0.000000 0.689991
0.000000 0.000000 0.694111
0.000000 0.000000 0.697331
0.000000 0.000000 0.700422
0.000000 0.000000 0.703513
0.000000 0.000000 0.706604
0.000000 0.000000 0.709695
0.000000 0.000000 0.712785
0.000000 0.000000 0.715876
0.000000 0.000000 0.718967
0.000000 0.000000 0.722058
0.000000 0.000000 0.725149
0.000000 0.000000 0.727810
0.000000 0.000000 0.730153
0.000000 0.000000 0.732458
0.000000 0.000000 0.734763
0.000000 0.000000 0.737069
0.000000 0.000000 0.739374
0.000000 0.000000 0.741679
0.000000 0.000000 0.743985
0.000000 0.000000 0.746290
0.000000 0.000000 0.748595
0.000000 0.000000 0.750848
0.000000 0.000000 0.752653
0.000000 0.000000 0.754406
0.000000 0.000000 0.756159
0.000000 0.000000 0.757912
0.000000 0.000000 0.759664
0.000000 0.000000 0.761417
0.000000 0.000000 0.763170
0.000000 0.000000 0.764923
0.000000 0.000000 0.766675
0.000000 0.000000 0.768428
0.000000 0.000000 0.769963
0.000000 0.000000 0.771330
0.000000 0.000000 0.772680
0.000000 0.000000 0.774031
0.000000 0.000000 0.775381
0.000000 0.000000 0.776732
0.000000 0.000000 0.778082
0.000000 0.000000 0.779433
0.000000 0.000000 0.780783
0.000000 0.000000 0.782133
0.000000 0.000000 0.783460
0.000000 0.000000 0.784531
0.000000 0.000000 0.785579
0.000000 0.000000 0.786626
0.000000 0.000000 0.787674
0.000000 0.000000 0.788721
0.000000 0.000000 0.789769
0.000000 0.000000 0.790816
0.000000 0.000000 0.791864
0.000000 0.000000 0.792911
0.000000 0.000000 0.793959
0.000000 0.000000 0.794881
0.000000 0.000000 0.795701
0.000000 0.000000 0.796514
0.000000 0.000000 0.797326
0.000000 0.000000 0.798139
0.000000 0.000000 0.798951
0.000000 0.000000 0.799764
0.000000 0.000000 0.800576
0.000000 0.000000 0.801389
0.000000 0.000000 0.802201
0.000000 0.000000 0.803003
0.000000 0.000000 0.803637
0.000000 0.000000 0.804261
0.000000 0.000000 0.804885
0.000000 0.000000 0.805509
0.000000 0.000000 0.806132
0.000000 0.000000 0.806756
0.000000 0.000000 0.807380
0.000000 0.000000 0.808004
0.000000 0.000000 0.808627
0.000000 0.000000 0.809251
0.000000 0.000000 0.809793
0.000000 0.000000 0.810264
0.000000 0.000000 0.810732
0.000000 0.000000 0.811200
0.000000 0.000000 0.811667
0.000000 0.000000 0.812135
0.000000 0.000000 0.812602
0.000000 0.000000 0.813070
0.000000 0.000000 0.813538
0.000000 0.000000 0.814005
0.000000 0.000000 0.814468
0.000000 0.000000 0.814807
0.000000 0.000000 0.815140
0.000000 0.000000 0.815474
0.000000 0.000000 0.815808
0.000000 0.000000 0.816142
0.000000 0.000000 0.816475
0.000000 0.000000 0.816809
0.000000 0.000000 0.817143
0.000000 0.000000 0.817477
0.000000 0.000000 0.817810
0.000000 0.000000 0.818083
0.000000 0.000000 0.818300
0.000000 0.000000 0.818515
0.000000 0.000000 0.818730
0.000000 0.000000 0.818944
0.000000 0.000000 0.819159
0.000000 0.000000 0.819374
0.000000 0.000000 0.819589
0.000000 0.000000 0.819804
0.000000 0.000000 0.820019
0.000000 0.000000 0.820232
0.000000 0.000000 0.820339
0.000000 0.000000 0.820444
0.000000 0.000000 0.820550
0.000000 0.000000 0.820655
0.000000 0.000000 0.820760
0.000000 0.000000 0.820865
0.000000 0.000000 0.820970
0.000000 0.000000 0.821076
0.000000 0.000000 0.821181
0.000000 0.000000 0.821286
0.000000 0.000000 0.781804
0.000000 0.000000 0.704005
0.000000 0.000000 0.625782
0.000000 0.000000 0.547559
0.000000 0.000000 0.469336
0.000000 0.000000 0.391114
0.000000 0.000000 0.312891
0.000000 0.000000 0.234668
0.000000 0.000000 0.156445
0.000000 0.000000 0.078223
0.000000 0.000000 0.000000
##END
