##TITLE= pre_SPAS1_21000_5040_20_1051_252_240701 
##JCAMP-DX= 5.00 Bruker JCAMP library 
##DATA TYPE= Shape Data 
##ORIGIN= Bruker Analytik GmbH 
##OWNER= <nmrsu> 
##DATE= xx 
##TIME= xx 
##MINX= -1 
##MAXX= 1 
##MINY= -1 
##MAXY= 1 
##$SHAPE_EXMODE= Gradient 
##$SHAPE_TOTROT= 0 
##$SHAPE_BWFAC= 0 
##$SHAPE_INTEGFAC= 0 
##$SHAPE_MODE= 0 
##DURATION= 21 
##DIRECTIONVEC= 0  0  1 
##NPOINTS= 1051 
##XYDATA= (T X Y Z) 
0.000000 0.000000 0.000000
0.000000 0.000000 0.036720
0.000000 0.000000 0.073440
0.000000 0.000000 0.110161
0.000000 0.000000 0.146881
0.000000 0.000000 0.183601
0.000000 0.000000 0.220321
0.000000 0.000000 0.257041
0.000000 0.000000 0.293761
0.000000 0.000000 0.330482
0.000000 0.000000 0.367004
0.000000 0.000000 0.385603
0.000000 0.000000 0.385686
0.000000 0.000000 0.385770
0.000000 0.000000 0.385853
0.000000 0.000000 0.385936
0.000000 0.000000 0.386019
0.000000 0.000000 0.386102
0.000000 0.000000 0.386185
0.000000 0.000000 0.386268
0.000000 0.000000 0.386351
0.000000 0.000000 0.386435
0.000000 0.000000 0.386602
0.000000 0.000000 0.386770
0.000000 0.000000 0.386939
0.000000 0.000000 0.387107
0.000000 0.000000 0.387275
0.000000 0.000000 0.387444
0.000000 0.000000 0.387612
0.000000 0.000000 0.387780
0.000000 0.000000 0.387949
0.000000 0.000000 0.388118
0.000000 0.000000 0.388331
0.000000 0.000000 0.388590
0.000000 0.000000 0.388849
0.000000 0.000000 0.389108
0.000000 0.000000 0.389366
0.000000 0.000000 0.389625
0.000000 0.000000 0.389884
0.000000 0.000000 0.390143
0.000000 0.000000 0.390402
0.000000 0.000000 0.390661
0.000000 0.000000 0.390924
0.000000 0.000000 0.391278
0.000000 0.000000 0.391635
0.000000 0.000000 0.391992
0.000000 0.000000 0.392350
0.000000 0.000000 0.392707
0.000000 0.000000 0.393065
0.000000 0.000000 0.393422
0.000000 0.000000 0.393779
0.000000 0.000000 0.394137
0.000000 0.000000 0.394497
0.000000 0.000000 0.394907
0.000000 0.000000 0.395375
0.000000 0.000000 0.395843
0.000000 0.000000 0.396310
0.000000 0.000000 0.396778
0.000000 0.000000 0.397246
0.000000 0.000000 0.397714
0.000000 0.000000 0.398182
0.000000 0.000000 0.398650
0.000000 0.000000 0.399118
0.000000 0.000000 0.399593
0.000000 0.000000 0.400180
0.000000 0.000000 0.400774
0.000000 0.000000 0.401368
0.000000 0.000000 0.401962
0.000000 0.000000 0.402557
0.000000 0.000000 0.403151
0.000000 0.000000 0.403745
0.000000 0.000000 0.404339
0.000000 0.000000 0.404933
0.000000 0.000000 0.405533
0.000000 0.000000 0.406196
0.000000 0.000000 0.406938
0.000000 0.000000 0.407680
0.000000 0.000000 0.408422
0.000000 0.000000 0.409165
0.000000 0.000000 0.409907
0.000000 0.000000 0.410649
0.000000 0.000000 0.411391
0.000000 0.000000 0.412134
0.000000 0.000000 0.412876
0.000000 0.000000 0.413632
0.000000 0.000000 0.414537
0.000000 0.000000 0.415457
0.000000 0.000000 0.416376
0.000000 0.000000 0.417295
0.000000 0.000000 0.418214
0.000000 0.000000 0.419134
0.000000 0.000000 0.420053
0.000000 0.000000 0.420972
0.000000 0.000000 0.421891
0.000000 0.000000 0.422820
0.000000 0.000000 0.423838
0.000000 0.000000 0.424973
0.000000 0.000000 0.426108
0.000000 0.000000 0.427242
0.000000 0.000000 0.428377
0.000000 0.000000 0.429512
0.000000 0.000000 0.430647
0.000000 0.000000 0.431782
0.000000 0.000000 0.432917
0.000000 0.000000 0.434052
0.000000 0.000000 0.435212
0.000000 0.000000 0.436588
0.000000 0.000000 0.437989
0.000000 0.000000 0.439390
0.000000 0.000000 0.440791
0.000000 0.000000 0.442192
0.000000 0.000000 0.443593
0.000000 0.000000 0.444995
0.000000 0.000000 0.446396
0.000000 0.000000 0.447797
0.000000 0.000000 0.449214
0.000000 0.000000 0.450765
0.000000 0.000000 0.452497
0.000000 0.000000 0.454229
0.000000 0.000000 0.455961
0.000000 0.000000 0.457693
0.000000 0.000000 0.459426
0.000000 0.000000 0.461158
0.000000 0.000000 0.462890
0.000000 0.000000 0.464622
0.000000 0.000000 0.466354
0.000000 0.000000 0.468132
0.000000 0.000000 0.470227
0.000000 0.000000 0.472368
0.000000 0.000000 0.474508
0.000000 0.000000 0.476649
0.000000 0.000000 0.478790
0.000000 0.000000 0.480930
0.000000 0.000000 0.483071
0.000000 0.000000 0.485211
0.000000 0.000000 0.487352
0.000000 0.000000 0.489519
0.000000 0.000000 0.491875
0.000000 0.000000 0.494498
0.000000 0.000000 0.497122
0.000000 0.000000 0.499746
0.000000 0.000000 0.502370
0.000000 0.000000 0.504993
0.000000 0.000000 0.507617
0.000000 0.000000 0.510241
0.000000 0.000000 0.512865
0.000000 0.000000 0.515488
0.000000 0.000000 0.518174
0.000000 0.000000 0.521228
0.000000 0.000000 0.524345
0.000000 0.000000 0.527461
0.000000 0.000000 0.530577
0.000000 0.000000 0.533694
0.000000 0.000000 0.536810
0.000000 0.000000 0.539926
0.000000 0.000000 0.543043
0.000000 0.000000 0.546159
0.000000 0.000000 0.549290
0.000000 0.000000 0.552514
0.000000 0.000000 0.555876
0.000000 0.000000 0.559238
0.000000 0.000000 0.562599
0.000000 0.000000 0.565961
0.000000 0.000000 0.569323
0.000000 0.000000 0.572684
0.000000 0.000000 0.576046
0.000000 0.000000 0.579407
0.000000 0.000000 0.582769
0.000000 0.000000 0.586027
0.000000 0.000000 0.588761
0.000000 0.000000 0.591392
0.000000 0.000000 0.594023
0.000000 0.000000 0.596654
0.000000 0.000000 0.599284
0.000000 0.000000 0.601915
0.000000 0.000000 0.604546
0.000000 0.000000 0.607176
0.000000 0.000000 0.609807
0.000000 0.000000 0.612248
0.000000 0.000000 0.613567
0.000000 0.000000 0.613195
0.000000 0.000000 0.612824
0.000000 0.000000 0.612452
0.000000 0.000000 0.612080
0.000000 0.000000 0.611708
0.000000 0.000000 0.611336
0.000000 0.000000 0.610965
0.000000 0.000000 0.610593
0.000000 0.000000 0.610221
0.000000 0.000000 0.609006
0.000000 0.000000 0.604045
0.000000 0.000000 0.598241
0.000000 0.000000 0.592438
0.000000 0.000000 0.586634
0.000000 0.000000 0.580830
0.000000 0.000000 0.575026
0.000000 0.000000 0.569222
0.000000 0.000000 0.563419
0.000000 0.000000 0.557615
0.000000 0.000000 0.551515
0.000000 0.000000 0.543793
0.000000 0.000000 0.533560
0.000000 0.000000 0.523327
0.000000 0.000000 0.513093
0.000000 0.000000 0.502860
0.000000 0.000000 0.492627
0.000000 0.000000 0.482394
0.000000 0.000000 0.472161
0.000000 0.000000 0.461928
0.000000 0.000000 0.451695
0.000000 0.000000 0.441364
0.000000 0.000000 0.430643
0.000000 0.000000 0.419824
0.000000 0.000000 0.409005
0.000000 0.000000 0.398185
0.000000 0.000000 0.387366
0.000000 0.000000 0.376547
0.000000 0.000000 0.365728
0.000000 0.000000 0.354909
0.000000 0.000000 0.344090
0.000000 0.000000 0.333394
0.000000 0.000000 0.323346
0.000000 0.000000 0.314317
0.000000 0.000000 0.305288
0.000000 0.000000 0.296259
0.000000 0.000000 0.287230
0.000000 0.000000 0.278201
0.000000 0.000000 0.269172
0.000000 0.000000 0.260143
0.000000 0.000000 0.251113
0.000000 0.000000 0.242084
0.000000 0.000000 0.233438
0.000000 0.000000 0.226150
0.000000 0.000000 0.219245
0.000000 0.000000 0.212339
0.000000 0.000000 0.205434
0.000000 0.000000 0.198529
0.000000 0.000000 0.191623
0.000000 0.000000 0.184718
0.000000 0.000000 0.177813
0.000000 0.000000 0.170907
0.000000 0.000000 0.164124
0.000000 0.000000 0.157955
0.000000 0.000000 0.152766
0.000000 0.000000 0.147577
0.000000 0.000000 0.142389
0.000000 0.000000 0.137200
0.000000 0.000000 0.132011
0.000000 0.000000 0.126822
0.000000 0.000000 0.121634
0.000000 0.000000 0.116445
0.000000 0.000000 0.111256
0.000000 0.000000 0.106307
0.000000 0.000000 0.102132
0.000000 0.000000 0.098197
0.000000 0.000000 0.094261
0.000000 0.000000 0.090326
0.000000 0.000000 0.086391
0.000000 0.000000 0.082455
0.000000 0.000000 0.078520
0.000000 0.000000 0.074585
0.000000 0.000000 0.070650
0.000000 0.000000 0.066779
0.000000 0.000000 0.063228
0.000000 0.000000 0.060190
0.000000 0.000000 0.057152
0.000000 0.000000 0.054114
0.000000 0.000000 0.051076
0.000000 0.000000 0.048039
0.000000 0.000000 0.045001
0.000000 0.000000 0.041963
0.000000 0.000000 0.038925
0.000000 0.000000 0.035887
0.000000 0.000000 0.032980
0.000000 0.000000 0.030460
0.000000 0.000000 0.028071
0.000000 0.000000 0.025681
0.000000 0.000000 0.023292
0.000000 0.000000 0.020903
0.000000 0.000000 0.018513
0.000000 0.000000 0.016124
0.000000 0.000000 0.013735
0.000000 0.000000 0.011345
0.000000 0.000000 0.008991
0.000000 0.000000 0.006806
0.000000 0.000000 0.004894
0.000000 0.000000 0.002983
0.000000 0.000000 0.001071
-0.000000 -0.000000 -0.000840
-0.000000 -0.000000 -0.002751
-0.000000 -0.000000 -0.004663
-0.000000 -0.000000 -0.006574
-0.000000 -0.000000 -0.008486
-0.000000 -0.000000 -0.010397
-0.000000 -0.000000 -0.012232
-0.000000 -0.000000 -0.013860
-0.000000 -0.000000 -0.015411
-0.000000 -0.000000 -0.016962
-0.000000 -0.000000 -0.018514
-0.000000 -0.000000 -0.020065
-0.000000 -0.000000 -0.021616
-0.000000 -0.000000 -0.023168
-0.000000 -0.000000 -0.024719
-0.000000 -0.000000 -0.026270
-0.000000 -0.000000 -0.027802
-0.000000 -0.000000 -0.029234
-0.000000 -0.000000 -0.030508
-0.000000 -0.000000 -0.031781
-0.000000 -0.000000 -0.033054
-0.000000 -0.000000 -0.034328
-0.000000 -0.000000 -0.035601
-0.000000 -0.000000 -0.036875
-0.000000 -0.000000 -0.038148
-0.000000 -0.000000 -0.039422
-0.000000 -0.000000 -0.040695
-0.000000 -0.000000 -0.041920
-0.000000 -0.000000 -0.043023
-0.000000 -0.000000 -0.044077
-0.000000 -0.000000 -0.045131
-0.000000 -0.000000 -0.046185
-0.000000 -0.000000 -0.047239
-0.000000 -0.000000 -0.048294
-0.000000 -0.000000 -0.049348
-0.000000 -0.000000 -0.050402
-0.000000 -0.000000 -0.051456
-0.000000 -0.000000 -0.052498
-0.000000 -0.000000 -0.053475
-0.000000 -0.000000 -0.054352
-0.000000 -0.000000 -0.055229
-0.000000 -0.000000 -0.056105
-0.000000 -0.000000 -0.056982
-0.000000 -0.000000 -0.057858
-0.000000 -0.000000 -0.058735
-0.000000 -0.000000 -0.059611
-0.000000 -0.000000 -0.060488
-0.000000 -0.000000 -0.061364
-0.000000 -0.000000 -0.062207
-0.000000 -0.000000 -0.062970
-0.000000 -0.000000 -0.063699
-0.000000 -0.000000 -0.064429
-0.000000 -0.000000 -0.065158
-0.000000 -0.000000 -0.065887
-0.000000 -0.000000 -0.066617
-0.000000 -0.000000 -0.067346
-0.000000 -0.000000 -0.068075
-0.000000 -0.000000 -0.068805
-0.000000 -0.000000 -0.069525
-0.000000 -0.000000 -0.070201
-0.000000 -0.000000 -0.070805
-0.000000 -0.000000 -0.071409
-0.000000 -0.000000 -0.072013
-0.000000 -0.000000 -0.072617
-0.000000 -0.000000 -0.073221
-0.000000 -0.000000 -0.073825
-0.000000 -0.000000 -0.074429
-0.000000 -0.000000 -0.075033
-0.000000 -0.000000 -0.075637
-0.000000 -0.000000 -0.076215
-0.000000 -0.000000 -0.076735
-0.000000 -0.000000 -0.077229
-0.000000 -0.000000 -0.077723
-0.000000 -0.000000 -0.078217
-0.000000 -0.000000 -0.078711
-0.000000 -0.000000 -0.079205
-0.000000 -0.000000 -0.079699
-0.000000 -0.000000 -0.080194
-0.000000 -0.000000 -0.080688
-0.000000 -0.000000 -0.081175
-0.000000 -0.000000 -0.081626
-0.000000 -0.000000 -0.082021
-0.000000 -0.000000 -0.082415
-0.000000 -0.000000 -0.082810
-0.000000 -0.000000 -0.083205
-0.000000 -0.000000 -0.083599
-0.000000 -0.000000 -0.083994
-0.000000 -0.000000 -0.084389
-0.000000 -0.000000 -0.084783
-0.000000 -0.000000 -0.085178
-0.000000 -0.000000 -0.085550
-0.000000 -0.000000 -0.085874
-0.000000 -0.000000 -0.086175
-0.000000 -0.000000 -0.086476
-0.000000 -0.000000 -0.086778
-0.000000 -0.000000 -0.087079
-0.000000 -0.000000 -0.087380
-0.000000 -0.000000 -0.087681
-0.000000 -0.000000 -0.087983
-0.000000 -0.000000 -0.088284
-0.000000 -0.000000 -0.088580
-0.000000 -0.000000 -0.088841
-0.000000 -0.000000 -0.089051
-0.000000 -0.000000 -0.089261
-0.000000 -0.000000 -0.089471
-0.000000 -0.000000 -0.089681
-0.000000 -0.000000 -0.089891
-0.000000 -0.000000 -0.090102
-0.000000 -0.000000 -0.090312
-0.000000 -0.000000 -0.090522
-0.000000 -0.000000 -0.090732
-0.000000 -0.000000 -0.090919
-0.000000 -0.000000 -0.091059
-0.000000 -0.000000 -0.091177
-0.000000 -0.000000 -0.091294
-0.000000 -0.000000 -0.091412
-0.000000 -0.000000 -0.091529
-0.000000 -0.000000 -0.091647
-0.000000 -0.000000 -0.091764
-0.000000 -0.000000 -0.091881
-0.000000 -0.000000 -0.091999
-0.000000 -0.000000 -0.092111
-0.000000 -0.000000 -0.092185
-0.000000 -0.000000 -0.092204
-0.000000 -0.000000 -0.092223
-0.000000 -0.000000 -0.092242
-0.000000 -0.000000 -0.092261
-0.000000 -0.000000 -0.092280
-0.000000 -0.000000 -0.092299
-0.000000 -0.000000 -0.092318
-0.000000 -0.000000 -0.092337
-0.000000 -0.000000 -0.092356
-0.000000 -0.000000 -0.092348
-0.000000 -0.000000 -0.092286
-0.000000 -0.000000 -0.092197
-0.000000 -0.000000 -0.092108
-0.000000 -0.000000 -0.092019
-0.000000 -0.000000 -0.091929
-0.000000 -0.000000 -0.091840
-0.000000 -0.000000 -0.091751
-0.000000 -0.000000 -0.091662
-0.000000 -0.000000 -0.091573
-0.000000 -0.000000 -0.091478
-0.000000 -0.000000 -0.091333
-0.000000 -0.000000 -0.091121
-0.000000 -0.000000 -0.090909
-0.000000 -0.000000 -0.090697
-0.000000 -0.000000 -0.090485
-0.000000 -0.000000 -0.090273
-0.000000 -0.000000 -0.090061
-0.000000 -0.000000 -0.089849
-0.000000 -0.000000 -0.089637
-0.000000 -0.000000 -0.089426
-0.000000 -0.000000 -0.089177
-0.000000 -0.000000 -0.088859
-0.000000 -0.000000 -0.088504
-0.000000 -0.000000 -0.088149
-0.000000 -0.000000 -0.087795
-0.000000 -0.000000 -0.087440
-0.000000 -0.000000 -0.087085
-0.000000 -0.000000 -0.086731
-0.000000 -0.000000 -0.086376
-0.000000 -0.000000 -0.086021
-0.000000 -0.000000 -0.085659
-0.000000 -0.000000 -0.085228
-0.000000 -0.000000 -0.084705
-0.000000 -0.000000 -0.084183
-0.000000 -0.000000 -0.083660
-0.000000 -0.000000 -0.083138
-0.000000 -0.000000 -0.082615
-0.000000 -0.000000 -0.082093
-0.000000 -0.000000 -0.081570
-0.000000 -0.000000 -0.081047
-0.000000 -0.000000 -0.080525
-0.000000 -0.000000 -0.079951
-0.000000 -0.000000 -0.079283
-0.000000 -0.000000 -0.078564
-0.000000 -0.000000 -0.077845
-0.000000 -0.000000 -0.077126
-0.000000 -0.000000 -0.076407
-0.000000 -0.000000 -0.075688
-0.000000 -0.000000 -0.074969
-0.000000 -0.000000 -0.074250
-0.000000 -0.000000 -0.073531
-0.000000 -0.000000 -0.072804
-0.000000 -0.000000 -0.071981
-0.000000 -0.000000 -0.071038
-0.000000 -0.000000 -0.070095
-0.000000 -0.000000 -0.069151
-0.000000 -0.000000 -0.068208
-0.000000 -0.000000 -0.067265
-0.000000 -0.000000 -0.066322
-0.000000 -0.000000 -0.065379
-0.000000 -0.000000 -0.064436
-0.000000 -0.000000 -0.063492
-0.000000 -0.000000 -0.062486
-0.000000 -0.000000 -0.061364
-0.000000 -0.000000 -0.060179
-0.000000 -0.000000 -0.058994
-0.000000 -0.000000 -0.057809
-0.000000 -0.000000 -0.056624
-0.000000 -0.000000 -0.055439
-0.000000 -0.000000 -0.054254
-0.000000 -0.000000 -0.053069
-0.000000 -0.000000 -0.051884
-0.000000 -0.000000 -0.050693
-0.000000 -0.000000 -0.049395
-0.000000 -0.000000 -0.047973
-0.000000 -0.000000 -0.046550
-0.000000 -0.000000 -0.045128
-0.000000 -0.000000 -0.043705
-0.000000 -0.000000 -0.042283
-0.000000 -0.000000 -0.040860
-0.000000 -0.000000 -0.039437
-0.000000 -0.000000 -0.038015
-0.000000 -0.000000 -0.036592
-0.000000 -0.000000 -0.035118
-0.000000 -0.000000 -0.033551
-0.000000 -0.000000 -0.031933
-0.000000 -0.000000 -0.030314
-0.000000 -0.000000 -0.028695
-0.000000 -0.000000 -0.027077
-0.000000 -0.000000 -0.025458
-0.000000 -0.000000 -0.023840
-0.000000 -0.000000 -0.022221
-0.000000 -0.000000 -0.020603
-0.000000 -0.000000 -0.018982
-0.000000 -0.000000 -0.017308
-0.000000 -0.000000 -0.015578
-0.000000 -0.000000 -0.013847
-0.000000 -0.000000 -0.012117
-0.000000 -0.000000 -0.010386
-0.000000 -0.000000 -0.008655
-0.000000 -0.000000 -0.006924
-0.000000 -0.000000 -0.005193
-0.000000 -0.000000 -0.003462
-0.000000 -0.000000 -0.001731
-0.000000 -0.000000 -0.000000
0.000000 0.000000 0.001730
0.000000 0.000000 0.003461
0.000000 0.000000 0.005192
0.000000 0.000000 0.006923
0.000000 0.000000 0.008654
0.000000 0.000000 0.010384
0.000000 0.000000 0.012115
0.000000 0.000000 0.013846
0.000000 0.000000 0.015577
0.000000 0.000000 0.017307
0.000000 0.000000 0.018980
0.000000 0.000000 0.020601
0.000000 0.000000 0.022219
0.000000 0.000000 0.023838
0.000000 0.000000 0.025456
0.000000 0.000000 0.027074
0.000000 0.000000 0.028693
0.000000 0.000000 0.030311
0.000000 0.000000 0.031930
0.000000 0.000000 0.033548
0.000000 0.000000 0.035115
0.000000 0.000000 0.036590
0.000000 0.000000 0.038012
0.000000 0.000000 0.039435
0.000000 0.000000 0.040858
0.000000 0.000000 0.042280
0.000000 0.000000 0.043703
0.000000 0.000000 0.045126
0.000000 0.000000 0.046548
0.000000 0.000000 0.047971
0.000000 0.000000 0.049394
0.000000 0.000000 0.050691
0.000000 0.000000 0.051883
0.000000 0.000000 0.053068
0.000000 0.000000 0.054253
0.000000 0.000000 0.055438
0.000000 0.000000 0.056623
0.000000 0.000000 0.057808
0.000000 0.000000 0.058993
0.000000 0.000000 0.060178
0.000000 0.000000 0.061363
0.000000 0.000000 0.062485
0.000000 0.000000 0.063491
0.000000 0.000000 0.064435
0.000000 0.000000 0.065378
0.000000 0.000000 0.066321
0.000000 0.000000 0.067264
0.000000 0.000000 0.068207
0.000000 0.000000 0.069151
0.000000 0.000000 0.070094
0.000000 0.000000 0.071037
0.000000 0.000000 0.071980
0.000000 0.000000 0.072803
0.000000 0.000000 0.073530
0.000000 0.000000 0.074249
0.000000 0.000000 0.074969
0.000000 0.000000 0.075688
0.000000 0.000000 0.076407
0.000000 0.000000 0.077126
0.000000 0.000000 0.077845
0.000000 0.000000 0.078564
0.000000 0.000000 0.079283
0.000000 0.000000 0.079951
0.000000 0.000000 0.080525
0.000000 0.000000 0.081047
0.000000 0.000000 0.081570
0.000000 0.000000 0.082093
0.000000 0.000000 0.082615
0.000000 0.000000 0.083138
0.000000 0.000000 0.083661
0.000000 0.000000 0.084184
0.000000 0.000000 0.084706
0.000000 0.000000 0.085229
0.000000 0.000000 0.085660
0.000000 0.000000 0.086022
0.000000 0.000000 0.086377
0.000000 0.000000 0.086732
0.000000 0.000000 0.087087
0.000000 0.000000 0.087442
0.000000 0.000000 0.087797
0.000000 0.000000 0.088151
0.000000 0.000000 0.088506
0.000000 0.000000 0.088861
0.000000 0.000000 0.089179
0.000000 0.000000 0.089428
0.000000 0.000000 0.089640
0.000000 0.000000 0.089852
0.000000 0.000000 0.090064
0.000000 0.000000 0.090276
0.000000 0.000000 0.090488
0.000000 0.000000 0.090700
0.000000 0.000000 0.090912
0.000000 0.000000 0.091124
0.000000 0.000000 0.091336
0.000000 0.000000 0.091481
0.000000 0.000000 0.091576
0.000000 0.000000 0.091665
0.000000 0.000000 0.091754
0.000000 0.000000 0.091843
0.000000 0.000000 0.091932
0.000000 0.000000 0.092021
0.000000 0.000000 0.092110
0.000000 0.000000 0.092199
0.000000 0.000000 0.092288
0.000000 0.000000 0.092349
0.000000 0.000000 0.092358
0.000000 0.000000 0.092338
0.000000 0.000000 0.092319
0.000000 0.000000 0.092300
0.000000 0.000000 0.092281
0.000000 0.000000 0.092262
0.000000 0.000000 0.092243
0.000000 0.000000 0.092224
0.000000 0.000000 0.092205
0.000000 0.000000 0.092185
0.000000 0.000000 0.092112
0.000000 0.000000 0.092000
0.000000 0.000000 0.091882
0.000000 0.000000 0.091765
0.000000 0.000000 0.091648
0.000000 0.000000 0.091530
0.000000 0.000000 0.091413
0.000000 0.000000 0.091296
0.000000 0.000000 0.091178
0.000000 0.000000 0.091061
0.000000 0.000000 0.090920
0.000000 0.000000 0.090733
0.000000 0.000000 0.090523
0.000000 0.000000 0.090313
0.000000 0.000000 0.090103
0.000000 0.000000 0.089893
0.000000 0.000000 0.089683
0.000000 0.000000 0.089473
0.000000 0.000000 0.089262
0.000000 0.000000 0.089052
0.000000 0.000000 0.088842
0.000000 0.000000 0.088581
0.000000 0.000000 0.088285
0.000000 0.000000 0.087984
0.000000 0.000000 0.087682
0.000000 0.000000 0.087381
0.000000 0.000000 0.087079
0.000000 0.000000 0.086778
0.000000 0.000000 0.086477
0.000000 0.000000 0.086175
0.000000 0.000000 0.085874
0.000000 0.000000 0.085550
0.000000 0.000000 0.085178
0.000000 0.000000 0.084783
0.000000 0.000000 0.084389
0.000000 0.000000 0.083994
0.000000 0.000000 0.083599
0.000000 0.000000 0.083205
0.000000 0.000000 0.082810
0.000000 0.000000 0.082415
0.000000 0.000000 0.082021
0.000000 0.000000 0.081626
0.000000 0.000000 0.081175
0.000000 0.000000 0.080687
0.000000 0.000000 0.080193
0.000000 0.000000 0.079699
0.000000 0.000000 0.079205
0.000000 0.000000 0.078711
0.000000 0.000000 0.078216
0.000000 0.000000 0.077722
0.000000 0.000000 0.077228
0.000000 0.000000 0.076734
0.000000 0.000000 0.076214
0.000000 0.000000 0.075636
0.000000 0.000000 0.075032
0.000000 0.000000 0.074428
0.000000 0.000000 0.073824
0.000000 0.000000 0.073220
0.000000 0.000000 0.072616
0.000000 0.000000 0.072012
0.000000 0.000000 0.071408
0.000000 0.000000 0.070804
0.000000 0.000000 0.070200
0.000000 0.000000 0.069525
0.000000 0.000000 0.068804
0.000000 0.000000 0.068075
0.000000 0.000000 0.067346
0.000000 0.000000 0.066617
0.000000 0.000000 0.065887
0.000000 0.000000 0.065158
0.000000 0.000000 0.064429
0.000000 0.000000 0.063699
0.000000 0.000000 0.062970
0.000000 0.000000 0.062207
0.000000 0.000000 0.061364
0.000000 0.000000 0.060488
0.000000 0.000000 0.059611
0.000000 0.000000 0.058734
0.000000 0.000000 0.057858
0.000000 0.000000 0.056981
0.000000 0.000000 0.056105
0.000000 0.000000 0.055228
0.000000 0.000000 0.054351
0.000000 0.000000 0.053475
0.000000 0.000000 0.052497
0.000000 0.000000 0.051455
0.000000 0.000000 0.050401
0.000000 0.000000 0.049347
0.000000 0.000000 0.048293
0.000000 0.000000 0.047239
0.000000 0.000000 0.046185
0.000000 0.000000 0.045131
0.000000 0.000000 0.044077
0.000000 0.000000 0.043023
0.000000 0.000000 0.041921
0.000000 0.000000 0.040696
0.000000 0.000000 0.039422
0.000000 0.000000 0.038149
0.000000 0.000000 0.036876
0.000000 0.000000 0.035602
0.000000 0.000000 0.034329
0.000000 0.000000 0.033055
0.000000 0.000000 0.031782
0.000000 0.000000 0.030508
0.000000 0.000000 0.029235
0.000000 0.000000 0.027803
0.000000 0.000000 0.026271
0.000000 0.000000 0.024720
0.000000 0.000000 0.023169
0.000000 0.000000 0.021617
0.000000 0.000000 0.020066
0.000000 0.000000 0.018515
0.000000 0.000000 0.016964
0.000000 0.000000 0.015412
0.000000 0.000000 0.013861
0.000000 0.000000 0.012233
0.000000 0.000000 0.010398
0.000000 0.000000 0.008486
0.000000 0.000000 0.006575
0.000000 0.000000 0.004663
0.000000 0.000000 0.002751
0.000000 0.000000 0.000840
-0.000000 -0.000000 -0.001072
-0.000000 -0.000000 -0.002984
-0.000000 -0.000000 -0.004895
-0.000000 -0.000000 -0.006807
-0.000000 -0.000000 -0.008992
-0.000000 -0.000000 -0.011347
-0.000000 -0.000000 -0.013736
-0.000000 -0.000000 -0.016125
-0.000000 -0.000000 -0.018514
-0.000000 -0.000000 -0.020903
-0.000000 -0.000000 -0.023292
-0.000000 -0.000000 -0.025681
-0.000000 -0.000000 -0.028071
-0.000000 -0.000000 -0.030460
-0.000000 -0.000000 -0.032980
-0.000000 -0.000000 -0.035887
-0.000000 -0.000000 -0.038924
-0.000000 -0.000000 -0.041962
-0.000000 -0.000000 -0.045000
-0.000000 -0.000000 -0.048038
-0.000000 -0.000000 -0.051076
-0.000000 -0.000000 -0.054114
-0.000000 -0.000000 -0.057152
-0.000000 -0.000000 -0.060189
-0.000000 -0.000000 -0.063227
-0.000000 -0.000000 -0.066778
-0.000000 -0.000000 -0.070649
-0.000000 -0.000000 -0.074584
-0.000000 -0.000000 -0.078520
-0.000000 -0.000000 -0.082455
-0.000000 -0.000000 -0.086390
-0.000000 -0.000000 -0.090326
-0.000000 -0.000000 -0.094261
-0.000000 -0.000000 -0.098196
-0.000000 -0.000000 -0.102132
-0.000000 -0.000000 -0.106307
-0.000000 -0.000000 -0.111256
-0.000000 -0.000000 -0.116444
-0.000000 -0.000000 -0.121633
-0.000000 -0.000000 -0.126822
-0.000000 -0.000000 -0.132010
-0.000000 -0.000000 -0.137199
-0.000000 -0.000000 -0.142388
-0.000000 -0.000000 -0.147577
-0.000000 -0.000000 -0.152765
-0.000000 -0.000000 -0.157954
-0.000000 -0.000000 -0.164123
-0.000000 -0.000000 -0.170907
-0.000000 -0.000000 -0.177812
-0.000000 -0.000000 -0.184717
-0.000000 -0.000000 -0.191623
-0.000000 -0.000000 -0.198528
-0.000000 -0.000000 -0.205434
-0.000000 -0.000000 -0.212339
-0.000000 -0.000000 -0.219245
-0.000000 -0.000000 -0.226150
-0.000000 -0.000000 -0.233438
-0.000000 -0.000000 -0.242084
-0.000000 -0.000000 -0.251113
-0.000000 -0.000000 -0.260142
-0.000000 -0.000000 -0.269171
-0.000000 -0.000000 -0.278200
-0.000000 -0.000000 -0.287229
-0.000000 -0.000000 -0.296258
-0.000000 -0.000000 -0.305287
-0.000000 -0.000000 -0.314316
-0.000000 -0.000000 -0.323345
-0.000000 -0.000000 -0.333394
-0.000000 -0.000000 -0.344089
-0.000000 -0.000000 -0.354908
-0.000000 -0.000000 -0.365728
-0.000000 -0.000000 -0.376547
-0.000000 -0.000000 -0.387367
-0.000000 -0.000000 -0.398186
-0.000000 -0.000000 -0.409005
-0.000000 -0.000000 -0.419825
-0.000000 -0.000000 -0.430644
-0.000000 -0.000000 -0.441365
-0.000000 -0.000000 -0.451696
-0.000000 -0.000000 -0.461929
-0.000000 -0.000000 -0.472162
-0.000000 -0.000000 -0.482395
-0.000000 -0.000000 -0.492629
-0.000000 -0.000000 -0.502862
-0.000000 -0.000000 -0.513095
-0.000000 -0.000000 -0.523328
-0.000000 -0.000000 -0.533561
-0.000000 -0.000000 -0.543794
-0.000000 -0.000000 -0.551516
-0.000000 -0.000000 -0.557616
-0.000000 -0.000000 -0.563420
-0.000000 -0.000000 -0.569224
-0.000000 -0.000000 -0.575028
-0.000000 -0.000000 -0.580831
-0.000000 -0.000000 -0.586635
-0.000000 -0.000000 -0.592439
-0.000000 -0.000000 -0.598243
-0.000000 -0.000000 -0.604047
-0.000000 -0.000000 -0.609008
-0.000000 -0.000000 -0.610223
-0.000000 -0.000000 -0.610594
-0.000000 -0.000000 -0.610966
-0.000000 -0.000000 -0.611338
-0.000000 -0.000000 -0.611710
-0.000000 -0.000000 -0.612082
-0.000000 -0.000000 -0.612454
-0.000000 -0.000000 -0.612826
-0.000000 -0.000000 -0.613198
-0.000000 -0.000000 -0.613569
-0.000000 -0.000000 -0.612250
-0.000000 -0.000000 -0.609809
-0.000000 -0.000000 -0.607179
-0.000000 -0.000000 -0.604548
-0.000000 -0.000000 -0.601918
-0.000000 -0.000000 -0.599287
-0.000000 -0.000000 -0.596656
-0.000000 -0.000000 -0.594026
-0.000000 -0.000000 -0.591395
-0.000000 -0.000000 -0.588764
-0.000000 -0.000000 -0.586031
-0.000000 -0.000000 -0.582772
-0.000000 -0.000000 -0.579410
-0.000000 -0.000000 -0.576049
-0.000000 -0.000000 -0.572687
-0.000000 -0.000000 -0.569325
-0.000000 -0.000000 -0.565963
-0.000000 -0.000000 -0.562602
-0.000000 -0.000000 -0.559240
-0.000000 -0.000000 -0.555878
-0.000000 -0.000000 -0.552516
-0.000000 -0.000000 -0.549292
-0.000000 -0.000000 -0.546161
-0.000000 -0.000000 -0.543044
-0.000000 -0.000000 -0.539928
-0.000000 -0.000000 -0.536811
-0.000000 -0.000000 -0.533695
-0.000000 -0.000000 -0.530578
-0.000000 -0.000000 -0.527462
-0.000000 -0.000000 -0.524345
-0.000000 -0.000000 -0.521229
-0.000000 -0.000000 -0.518175
-0.000000 -0.000000 -0.515489
-0.000000 -0.000000 -0.512865
-0.000000 -0.000000 -0.510242
-0.000000 -0.000000 -0.507618
-0.000000 -0.000000 -0.504994
-0.000000 -0.000000 -0.502371
-0.000000 -0.000000 -0.499747
-0.000000 -0.000000 -0.497123
-0.000000 -0.000000 -0.494500
-0.000000 -0.000000 -0.491876
-0.000000 -0.000000 -0.489520
-0.000000 -0.000000 -0.487353
-0.000000 -0.000000 -0.485213
-0.000000 -0.000000 -0.483072
-0.000000 -0.000000 -0.480931
-0.000000 -0.000000 -0.478791
-0.000000 -0.000000 -0.476650
-0.000000 -0.000000 -0.474509
-0.000000 -0.000000 -0.472368
-0.000000 -0.000000 -0.470228
-0.000000 -0.000000 -0.468132
-0.000000 -0.000000 -0.466355
-0.000000 -0.000000 -0.464622
-0.000000 -0.000000 -0.462890
-0.000000 -0.000000 -0.461158
-0.000000 -0.000000 -0.459426
-0.000000 -0.000000 -0.457693
-0.000000 -0.000000 -0.455961
-0.000000 -0.000000 -0.454229
-0.000000 -0.000000 -0.452497
-0.000000 -0.000000 -0.450764
-0.000000 -0.000000 -0.449214
-0.000000 -0.000000 -0.447797
-0.000000 -0.000000 -0.446395
-0.000000 -0.000000 -0.444994
-0.000000 -0.000000 -0.443593
-0.000000 -0.000000 -0.442192
-0.000000 -0.000000 -0.440790
-0.000000 -0.000000 -0.439389
-0.000000 -0.000000 -0.437988
-0.000000 -0.000000 -0.436587
-0.000000 -0.000000 -0.435211
-0.000000 -0.000000 -0.434051
-0.000000 -0.000000 -0.432916
-0.000000 -0.000000 -0.431781
-0.000000 -0.000000 -0.430646
-0.000000 -0.000000 -0.429512
-0.000000 -0.000000 -0.428377
-0.000000 -0.000000 -0.427242
-0.000000 -0.000000 -0.426107
-0.000000 -0.000000 -0.424972
-0.000000 -0.000000 -0.423837
-0.000000 -0.000000 -0.422819
-0.000000 -0.000000 -0.421891
-0.000000 -0.000000 -0.420972
-0.000000 -0.000000 -0.420052
-0.000000 -0.000000 -0.419133
-0.000000 -0.000000 -0.418214
-0.000000 -0.000000 -0.417294
-0.000000 -0.000000 -0.416375
-0.000000 -0.000000 -0.415456
-0.000000 -0.000000 -0.414537
-0.000000 -0.000000 -0.413631
-0.000000 -0.000000 -0.412875
-0.000000 -0.000000 -0.412133
-0.000000 -0.000000 -0.411391
-0.000000 -0.000000 -0.410649
-0.000000 -0.000000 -0.409906
-0.000000 -0.000000 -0.409164
-0.000000 -0.000000 -0.408422
-0.000000 -0.000000 -0.407680
-0.000000 -0.000000 -0.406938
-0.000000 -0.000000 -0.406196
-0.000000 -0.000000 -0.405532
-0.000000 -0.000000 -0.404933
-0.000000 -0.000000 -0.404339
-0.000000 -0.000000 -0.403745
-0.000000 -0.000000 -0.403151
-0.000000 -0.000000 -0.402556
-0.000000 -0.000000 -0.401962
-0.000000 -0.000000 -0.401368
-0.000000 -0.000000 -0.400774
-0.000000 -0.000000 -0.400179
-0.000000 -0.000000 -0.399593
-0.000000 -0.000000 -0.399117
-0.000000 -0.000000 -0.398649
-0.000000 -0.000000 -0.398182
-0.000000 -0.000000 -0.397714
-0.000000 -0.000000 -0.397246
-0.000000 -0.000000 -0.396778
-0.000000 -0.000000 -0.396310
-0.000000 -0.000000 -0.395842
-0.000000 -0.000000 -0.395375
-0.000000 -0.000000 -0.394907
-0.000000 -0.000000 -0.394497
-0.000000 -0.000000 -0.394136
-0.000000 -0.000000 -0.393779
-0.000000 -0.000000 -0.393421
-0.000000 -0.000000 -0.393064
-0.000000 -0.000000 -0.392706
-0.000000 -0.000000 -0.392349
-0.000000 -0.000000 -0.391991
-0.000000 -0.000000 -0.391633
-0.000000 -0.000000 -0.391276
-0.000000 -0.000000 -0.390922
-0.000000 -0.000000 -0.390659
-0.000000 -0.000000 -0.390400
-0.000000 -0.000000 -0.390142
-0.000000 -0.000000 -0.389883
-0.000000 -0.000000 -0.389624
-0.000000 -0.000000 -0.389365
-0.000000 -0.000000 -0.389106
-0.000000 -0.000000 -0.388847
-0.000000 -0.000000 -0.388588
-0.000000 -0.000000 -0.388329
-0.000000 -0.000000 -0.388117
-0.000000 -0.000000 -0.387947
-0.000000 -0.000000 -0.387779
-0.000000 -0.000000 -0.387611
-0.000000 -0.000000 -0.387442
-0.000000 -0.000000 -0.387274
-0.000000 -0.000000 -0.387105
-0.000000 -0.000000 -0.386937
-0.000000 -0.000000 -0.386769
-0.000000 -0.000000 -0.386600
-0.000000 -0.000000 -0.386434
-0.000000 -0.000000 -0.386349
-0.000000 -0.000000 -0.386266
-0.000000 -0.000000 -0.386183
-0.000000 -0.000000 -0.386100
-0.000000 -0.000000 -0.386017
-0.000000 -0.000000 -0.385934
-0.000000 -0.000000 -0.385851
-0.000000 -0.000000 -0.385768
-0.000000 -0.000000 -0.385686
-0.000000 -0.000000 -0.385603
-0.000000 -0.000000 -0.367003
-0.000000 -0.000000 -0.330481
-0.000000 -0.000000 -0.293761
-0.000000 -0.000000 -0.257041
-0.000000 -0.000000 -0.220321
-0.000000 -0.000000 -0.183601
-0.000000 -0.000000 -0.146880
-0.000000 -0.000000 -0.110160
-0.000000 -0.000000 -0.073440
-0.000000 -0.000000 -0.036720
0.000000 0.000000 0.000000
##END
